898 1158
691 367
261 799
749 674
342 605
635 437
700 637
388 465
665 120
860 572
722 123
110 598
301 433
208 512
318 767
424 18
418 655
351 872
203 889
390 872
372 439
820 428
730 513
325 345
596 529
728 731
212 120
587 771
699 774
806 180
292 503
425 811
765 233
207 259
745 805
246 417
121 3
645 360
140 712
504 254
164 452
775 879
398 478
769 730
489 213
819 509
633 467
502 505
340 157
249 833
451 114
49 547
815 865
370 828
263 843
676 251
262 794
708 417
257 751
94 13
811 781
74 756
227 25
112 836
466 779
191 549
293 178
259 683
243 357
96 619
375 277
232 573
493 701
547 294
178 883
335 753
671 782
276 550
666 152
384 155
133 274
187 411
568 316
48 873
436 383
853 23
274 97
492 24
293 526
753 346
512 272
853 234
386 255
551 169
138 829
509 581
718 669
377 439
855 484
148 524
866 252
531 321
686 441
616 832
448 523
521 796
31 268
117 4
86 199
270 864
809 4
225 437
182 188
57 8
88 532
64 379
736 585
355 595
8 25
697 125
99 889
592 426
186 214
513 476
277 66
891 691
149 158
545 840
307 281
742 55
712 306
704 676
817 782
550 80
706 298
55 324
211 88
24 627
842 379
294 795
7 225
192 441
703 238
650 418
29 629
264 158
476 104
162 694
820 745
91 235
812 373
877 158
624 536
376 181
466 159
661 704
515 471
155 620
358 608
156 451
324 877
104 113
529 281
693 432
342 139
551 566
223 277
247 312
6 240
257 276
718 616
314 367
336 491
496 208
602 283
486 651
105 358
180 660
622 615
687 799
384 170
703 108
4 709
294 121
99 19
264 54
284 781
520 16
503 664
335 731
36 512
196 236
655 332
568 499
739 833
3 241
413 767
216 710
227 586
558 199
714 364
483 574
785 693
720 752
426 161
43 367
217 8
863 213
33 734
830 429
673 538
669 390
766 331
43 505
242 483
382 608
876 96
493 621
84 636
583 333
633 678
348 246
527 180
807 766
436 700
179 355
260 131
135 427
850 894
328 363
828 851
93 251
821 270
398 785
480 858
503 298
649 418
500 116
245 866
637 416
65 241
385 626
628 805
546 589
463 781
636 186
838 827
726 14
73 89
338 449
834 474
763 880
67 593
375 656
279 227
251 878
37 748
816 356
563 642
780 536
468 765
54 27
194 115
490 302
361 753
696 398
601 591
375 246
295 770
454 376
266 764
76 47
787 105
369 411
154 215
847 195
10 649
337 382
253 558
172 639
2 342
662 39
421 60
260 27
775 552
734 837
19 894
582 270
806 811
606 506
180 661
571 251
58 609
323 736
495 195
359 230
363 585
92 630
318 413
125 459
171 256
116 714
810 814
324 441
389 552
295 497
82 799
728 486
223 693
548 126
887 176
200 514
715 578
45 563
836 177
862 840
21 488
467 792
275 399
413 537
279 599
256 266
21 696
786 456
612 469
190 143
843 285
547 731
672 764
372 13
542 82
458 363
576 207
397 771
5 817
741 333
259 72
26 848
444 285
114 723
439 203
456 561
365 236
545 702
643 42
204 354
254 66
325 421
255 594
492 256
817 106
293 82
889 115
829 74
52 286
130 280
524 689
498 786
571 92
92 678
842 92
338 74
346 309
431 461
228 818
26 40
882 344
577 307
473 97
609 746
720 717
575 299
557 760
262 807
188 478
274 409
271 672
10 492
382 381
146 676
621 625
31 54
433 524
703 788
256 885
458 658
552 805
723 42
353 469
189 71
2 882
418 8
700 572
249 742
730 700
230 798
459 471
618 792
327 542
338 638
455 48
280 162
349 152
664 262
587 724
214 254
249 614
586 316
62 784
211 681
412 177
198 224
665 868
577 471
505 101
860 567
760 99
365 442
472 410
37 206
47 139
219 785
669 537
339 289
823 184
17 275
470 190
201 193
500 58
114 286
224 687
231 684
586 135
505 56
121 169
384 825
82 166
765 706
769 873
249 180
272 190
264 212
365 52
304 109
742 865
890 153
751 818
600 617
532 439
454 198
509 159
713 233
828 232
213 713
190 383
6 749
261 635
868 469
119 731
179 385
620 407
231 745
868 893
447 459
115 626
765 818
133 53
3 105
495 84
289 717
144 328
724 161
238 609
497 785
739 101
417 595
402 371
471 463
770 89
67 212
402 31
703 451
23 574
732 91
383 873
558 601
760 784
833 440
400 577
135 627
757 100
510 42
117 650
815 836
489 513
416 149
278 119
349 132
724 228
867 493
635 140
363 185
698 52
680 382
454 449
191 752
837 102
28 161
833 28
788 744
301 274
418 654
59 611
17 294
419 773
145 498
406 354
40 301
234 27
711 186
101 396
267 713
161 334
44 63
96 304
72 626
684 202
661 364
6 474
115 564
16 851
234 443
115 498
299 139
475 687
838 897
769 791
211 846
565 867
199 759
488 7
308 297
636 51
151 427
840 817
218 560
732 743
600 660
433 689
357 222
125 486
815 630
280 829
406 829
369 476
381 627
555 543
845 388
389 104
61 629
67 350
868 432
612 717
10 152
503 421
579 391
623 686
515 261
570 234
63 710
518 506
66 521
555 442
884 833
586 663
310 787
394 519
750 890
199 319
311 668
755 589
247 140
541 560
577 641
617 620
495 849
56 329
16 6
388 7
183 575
292 211
307 477
860 725
377 275
323 628
640 41
325 55
269 50
706 33
834 825
390 438
330 378
167 512
220 775
651 716
416 130
13 747
621 134
49 648
442 827
571 315
42 227
382 425
232 832
637 490
888 99
716 275
290 842
438 452
349 181
649 785
49 172
327 92
558 596
46 477
824 834
373 25
25 336
260 835
754 162
211 688
104 53
512 691
636 599
888 581
368 482
374 179
462 259
743 677
223 670
348 718
257 252
171 111
341 141
544 247
773 837
814 849
61 207
671 72
732 42
219 153
470 784
504 463
721 831
453 121
760 494
863 278
810 820
81 23
246 225
498 158
746 259
227 499
564 493
57 701
494 874
63 663
450 82
229 352
240 123
346 225
494 844
618 718
282 651
855 366
897 444
724 563
50 821
44 118
652 739
129 761
786 535
171 359
855 350
327 693
201 396
882 25
228 133
229 348
682 845
165 679
742 592
180 636
139 340
59 613
417 157
309 487
369 793
640 22
150 761
110 479
76 107
345 548
269 675
326 459
813 303
422 608
694 270
348 269
477 766
411 331
122 301
444 300
570 595
443 118
533 691
893 719
349 362
819 614
869 141
797 133
390 290
29 610
131 46
817 876
16 173
296 157
337 443
346 83
803 462
599 589
788 589
364 251
479 11
384 868
885 733
364 24
769 882
397 92
465 359
327 464
774 400
243 630
388 312
875 120
443 468
151 614
502 138
149 109
132 75
460 360
560 417
675 450
519 605
8 685
323 365
448 505
693 531
214 634
407 552
587 86
746 467
85 548
472 376
243 214
20 40
134 567
296 635
681 582
166 176
4 43
386 620
408 222
294 882
290 313
745 130
311 552
202 104
757 631
639 400
450 596
453 342
561 644
736 159
210 707
575 256
112 850
817 114
746 40
749 812
555 843
702 451
295 27
726 241
841 441
25 672
150 5
785 639
663 531
191 205
411 228
33 777
791 417
880 551
471 589
824 315
75 710
21 467
873 346
126 481
358 879
665 82
608 46
883 100
744 863
809 553
367 267
21 324
384 197
568 546
540 557
117 721
788 612
459 420
424 631
685 35
488 11
837 374
94 40
381 779
129 466
59 392
364 497
301 774
746 257
183 544
69 221
880 213
895 837
856 125
668 219
211 304
619 351
92 124
396 424
474 841
523 896
621 414
117 100
74 787
564 563
343 256
605 463
305 526
757 813
341 440
503 717
760 873
249 459
498 163
245 448
124 464
20 447
24 69
319 858
582 190
738 631
468 853
281 483
111 349
26 110
624 623
471 167
337 623
673 834
463 103
883 38
574 550
476 778
798 221
201 402
850 445
819 451
643 602
411 828
748 515
666 338
387 152
690 256
339 708
680 824
732 43
832 147
828 105
135 363
179 302
419 808
49 342
615 543
8 158
276 137
107 339
272 300
241 488
737 183
846 509
399 805
680 650
102 532
549 568
245 176
501 433
294 603
178 250
170 188
320 892
815 219
835 162
93 807
106 651
650 71
260 324
799 111
710 245
789 318
330 120
400 411
311 751
188 394
453 534
108 810
249 579
541 346
78 189
751 487
848 198
435 850
390 792
747 235
599 299
295 710
88 176
112 157
212 235
841 449
564 746
277 426
472 428
486 859
383 456
370 532
430 573
336 426
373 569
838 297
843 401
647 448
135 570
353 478
237 195
237 474
309 772
471 867
664 440
232 15
640 260
284 141
243 277
35 420
358 240
340 347
751 529
426 264
401 403
102 455
209 43
666 545
52 768
770 631
623 587
864 240
404 19
121 207
380 77
207 536
573 420
687 570
656 849
513 760
436 876
186 635
609 684
649 719
519 684
603 111
382 759
308 766
358 789
853 323
592 321
467 784
878 634
405 709
645 320
371 580
461 702
127 414
630 31
745 807
344 350
255 677
547 140
283 343
160 329
66 651
660 607
498 539
93 703
371 623
376 87
556 491
842 224
32 649
882 168
6 17
228 628
271 112
739 58
786 769
264 142
510 129
612 742
276 547
368 457
36 658
769 656
401 11
302 551
612 695
802 897
664 23
584 252
231 587
507 637
359 439
756 272
728 553
626 429
226 211
529 297
341 379
28 832
227 74
807 408
747 442
696 94
150 737
777 690
198 313
364 516
63 311
686 354
652 426
98 362
776 299
312 372
820 762
12 399
67 86
586 24
401 270
207 34
269 323
400 861
351 431
323 629
323 287
289 147
154 427
734 301
542 756
347 407
582 46
859 28
731 756
780 85
472 94
109 855
817 205
714 506
189 404
830 642
726 357
704 652
828 406
454 377
358 589
65 706
801 288
531 133
614 783
480 406
637 92
697 75
253 61
4 805
164 146
97 686
454 309
97 232
257 297
629 80
261 790
397 329
1 619
449 436
395 525
512 150
848 488
193 236
308 186
232 501
210 293
312 208
780 391
621 540
739 190
165 557
429 806
724 229
214 649
734 458
789 797
668 858
659 298
53 71
589 458
866 516
457 615
643 856
236 546
752 37
272 799
582 756
559 131
640 628
23 535
434 314
456 404
257 658
457 752
167 386
515 55
593 346
66 101
718 162
695 152
506 364
320 522
