1000 9879
674 48
747 650
731 1
604 817
218 116
664 70
955 601
906 143
263 638
266 302
820 841
512 10
147 33
510 839
523 394
29 221
912 991
643 833
717 848
907 952
360 955
696 949
974 569
973 439
84 418
844 420
477 653
772 546
100 948
178 874
14 508
109 834
956 861
705 91
340 234
770 537
809 37
829 58
264 494
532 863
645 472
648 372
835 998
519 916
501 649
984 347
658 996
73 92
737 933
221 76
496 597
499 342
767 193
839 564
435 658
419 57
917 282
168 503
371 272
689 139
864 562
675 456
570 224
609 92
940 796
23 536
926 731
831 780
840 152
287 903
127 580
334 166
432 154
659 685
987 328
293 855
957 892
524 257
985 863
824 603
132 634
466 744
983 109
521 700
333 14
35 177
759 522
794 954
872 438
880 978
750 315
678 564
381 428
509 599
241 217
543 682
324 604
716 334
458 554
481 923
668 489
122 927
229 985
583 766
53 299
790 956
293 380
898 910
223 255
152 532
412 94
967 236
180 162
130 492
765 985
731 553
492 35
791 691
169 192
904 13
66 840
748 876
929 590
622 813
628 810
476 559
352 613
350 16
961 221
688 819
212 64
641 840
421 143
301 374
306 140
513 176
698 762
789 148
405 296
61 406
486 909
417 650
535 114
828 504
442 303
901 208
67 598
988 34
840 470
435 750
439 142
296 680
779 309
822 373
552 377
326 516
334 891
862 602
591 56
520 663
79 340
68 219
328 104
833 989
814 648
855 356
915 563
205 431
578 907
997 979
603 356
416 394
129 875
405 974
798 47
621 632
638 814
786 719
641 240
96 164
599 759
538 616
212 851
577 189
836 373
547 762
345 310
878 136
226 627
336 223
748 652
910 647
952 505
554 341
276 947
5 27
192 574
155 674
108 642
513 728
199 213
575 398
134 623
959 815
321 79
82 14
839 261
644 245
203 111
471 31
264 249
967 97
116 881
369 980
250 990
763 132
143 720
577 88
363 131
456 575
737 658
558 928
870 598
156 716
602 556
145 357
531 358
867 384
836 721
468 317
676 378
326 451
535 33
838 343
794 237
64 450
62 845
862 276
685 261
83 207
605 46
127 830
68 806
525 301
448 591
177 391
914 868
720 759
920 473
712 923
977 361
210 344
94 780
769 101
345 337
48 357
618 508
15 758
474 38
254 992
772 979
584 502
521 597
423 109
885 642
521 422
333 320
741 67
561 933
880 168
358 925
859 152
294 373
721 159
425 490
337 662
782 430
829 593
42 101
713 988
479 89
403 40
74 677
493 813
332 365
481 685
333 900
217 155
110 109
401 44
311 545
496 110
867 113
481 286
759 167
669 731
654 49
877 344
104 97
563 249
168 111
559 109
410 52
912 350
415 293
328 405
102 283
222 817
21 559
110 950
255 139
794 193
992 870
433 95
552 19
83 235
231 995
629 188
989 80
564 292
121 638
99 895
180 740
471 39
668 881
280 178
120 433
546 149
360 480
880 939
682 565
95 536
955 491
684 235
759 545
375 824
485 296
90 184
643 930
971 529
575 147
775 333
891 326
671 396
555 820
298 92
428 719
76 89
424 522
367 554
961 293
757 347
877 905
199 157
277 947
204 245
521 13
661 608
999 698
696 37
882 880
666 901
468 945
655 463
217 247
865 547
899 614
939 520
99 247
799 752
446 616
360 745
38 342
871 217
303 854
913 6
198 8
865 269
115 730
331 425
575 922
944 924
670 938
433 153
201 901
610 59
56 706
706 582
692 533
822 588
438 837
334 282
627 567
908 29
177 237
162 667
718 444
438 694
945 224
231 775
90 681
770 383
92 79
310 434
58 459
784 277
391 87
712 836
384 175
633 454
800 59
414 31
432 197
168 677
647 55
150 629
894 270
197 550
366 231
521 540
314 258
742 834
284 686
12 765
954 850
860 392
43 110
392 294
103 866
808 878
755 275
459 254
782 358
105 586
690 636
213 436
179 380
730 612
368 829
437 572
22 666
612 238
317 470
429 764
961 195
260 170
806 890
763 251
321 908
985 165
218 572
801 634
814 410
766 921
894 265
576 821
460 672
580 965
174 914
801 740
917 872
369 666
26 141
387 231
453 74
588 571
476 253
98 299
795 371
245 424
176 737
490 449
774 719
352 418
957 731
107 328
698 989
168 792
425 865
611 729
595 60
619 322
603 601
989 332
986 776
837 296
675 197
219 193
884 213
318 663
727 297
584 9
531 514
803 361
971 763
418 217
368 916
901 668
672 323
910 618
233 846
161 185
199 691
238 441
155 903
411 561
817 534
450 217
837 987
74 861
57 105
276 973
837 876
959 217
468 676
597 876
211 161
627 210
756 739
811 478
833 314
248 774
725 380
123 454
636 710
937 260
955 991
468 890
566 759
127 391
860 976
421 12
353 462
616 340
781 284
843 47
384 301
409 509
869 799
804 722
911 734
680 832
643 340
357 573
905 593
728 76
969 358
87 935
623 849
917 526
538 469
61 447
350 303
558 784
481 76
335 409
266 688
549 243
41 901
690 11
401 425
69 94
336 963
719 788
409 57
102 158
965 20
417 518
783 935
127 825
537 309
349 367
64 737
482 688
395 75
862 567
960 210
346 390
970 604
348 344
21 110
746 167
216 934
527 422
445 675
135 299
506 947
956 361
142 748
702 484
704 893
798 923
386 860
954 765
783 857
497 401
318 124
178 659
240 472
510 952
702 198
1000 482
753 158
592 28
21 772
410 430
817 877
811 120
768 407
467 497
969 599
622 891
736 934
787 802
881 131
995 903
796 172
1000 559
339 291
982 643
948 279
571 852
455 257
57 690
611 119
443 729
210 580
961 132
14 256
93 281
828 236
701 90
283 289
767 457
988 490
770 853
774 885
539 16
170 917
176 730
619 206
766 691
511 284
168 601
889 196
838 582
486 74
306 292
932 112
222 592
63 724
504 405
876 469
182 226
936 770
177 285
594 181
106 491
72 87
284 997
737 347
332 921
868 571
872 702
902 338
489 370
935 343
112 935
872 717
10 100
410 826
488 54
739 703
372 584
499 812
802 123
843 589
953 253
756 758
833 599
51 36
191 133
713 669
829 515
77 798
650 182
602 143
207 450
627 752
699 719
167 365
729 905
251 829
359 965
195 636
911 82
881 77
540 888
464 651
925 306
605 798
877 25
145 224
420 942
912 418
152 984
299 603
304 847
286 947
754 255
852 792
691 410
144 823
752 220
71 132
734 476
544 200
1000 922
438 568
205 867
867 330
369 631
317 885
925 886
529 53
79 766
658 994
698 599
355 420
53 988
3 299
6 638
948 815
736 381
404 845
22 500
318 375
909 900
806 239
89 793
291 501
20 669
591 38
472 328
172 432
48 238
638 199
353 160
570 367
932 330
194 523
727 407
988 929
423 470
530 960
90 891
785 809
133 717
81 20
635 685
103 703
168 964
674 82
312 143
864 588
403 56
635 907
483 358
107 84
51 618
439 342
945 466
834 927
462 964
252 296
826 619
789 613
498 936
961 256
90 97
19 230
147 797
705 795
564 74
344 429
921 803
259 324
758 256
886 885
924 82
377 299
640 537
236 26
89 527
574 182
888 921
830 796
154 293
407 53
924 449
981 144
585 607
777 887
917 888
331 455
467 135
175 190
378 822
24 970
109 582
577 412
724 485
818 94
502 415
896 828
610 476
921 415
357 557
512 844
106 879
838 180
589 882
475 446
900 543
560 632
957 730
653 193
432 459
237 159
452 902
116 43
745 477
934 613
690 247
552 379
242 577
23 574
255 901
2 759
132 826
750 520
116 888
483 599
93 600
797 834
872 261
409 521
414 794
419 736
152 293
426 204
797 459
726 467
319 923
391 638
860 621
953 53
464 422
997 260
545 387
104 77
582 934
161 410
734 969
971 425
470 256
575 59
703 118
85 299
506 336
714 669
39 366
151 912
579 845
29 308
621 442
332 655
803 821
670 551
138 668
910 86
397 385
408 998
541 266
246 48
602 264
530 29
490 622
507 580
456 978
899 848
847 558
153 598
49 549
529 467
487 143
133 315
341 29
210 752
100 684
249 110
843 268
432 394
277 430
46 229
265 834
602 989
717 537
718 731
221 1
187 401
889 47
62 883
379 905
322 900
418 711
98 703
192 440
266 915
159 108
720 858
920 428
3 496
81 912
262 241
743 98
569 907
914 866
405 157
524 229
375 643
827 682
443 439
651 234
245 975
729 914
414 84
77 134
793 365
389 282
816 58
102 731
470 863
896 98
953 375
722 332
267 963
548 592
21 688
334 889
671 426
255 829
589 13
973 174
646 220
78 562
869 493
104 169
303 395
640 235
502 179
820 150
70 541
386 628
521 23
78 716
523 577
624 654
142 41
84 504
85 33
285 575
17 449
164 432
570 671
847 925
959 547
529 302
431 250
568 436
217 266
770 560
259 924
630 182
303 956
217 443
515 892
425 972
844 752
663 172
701 89
886 95
526 412
966 39
70 104
400 4
211 66
765 114
353 917
905 814
379 917
335 7
669 556
496 955
850 294
228 662
546 751
733 980
232 608
881 853
3 637
153 392
780 867
835 803
196 106
129 183
238 407
868 548
758 752
262 117
45 379
963 264
34 12
950 6
788 485
243 190
448 234
372 474
873 27
251 667
931 503
740 967
369 372
233 786
11 405
997 106
364 553
480 954
918 644
247 508
945 608
910 722
220 948
494 335
976 58
267 543
137 88
946 734
817 686
324 906
937 417
479 46
852 724
617 457
599 361
855 963
451 647
186 870
705 830
583 342
218 505
65 159
84 429
925 305
639 669
565 218
574 8
558 653
415 596
39 532
260 839
252 969
439 510
532 747
737 623
608 551
353 215
726 528
602 994
785 194
948 522
932 183
516 310
166 635
280 566
787 405
837 254
141 311
59 146
171 245
534 161
365 938
3 443
576 407
171 973
745 480
908 494
470 366
196 424
344 731
735 406
516 763
756 224
166 948
335 999
637 675
858 688
72 996
951 185
422 937
465 458
604 67
641 463
200 137
940 61
153 277
923 777
543 480
340 877
792 327
936 684
228 206
481 986
416 464
203 568
543 262
341 922
234 586
660 34
937 739
81 309
209 376
748 683
485 475
837 886
911 147
582 254
844 150
384 668
886 569
703 93
262 669
325 729
673 26
412 42
983 317
332 465
63 323
726 1
171 546
967 233
165 319
717 962
339 516
673 356
877 252
847 932
316 812
504 564
175 91
783 280
442 758
294 895
482 247
374 393
669 944
553 943
657 74
607 218
19 677
663 212
899 944
888 632
540 257
45 733
763 584
231 246
72 581
605 293
625 431
315 187
819 379
639 90
434 807
129 307
941 180
213 697
183 17
480 472
867 724
687 417
374 996
89 884
922 274
194 765
1 27
707 140
16 328
366 790
832 689
235 885
161 206
253 416
828 942
501 870
963 81
56 851
366 112
4 531
422 262
464 8
138 857
211 773
858 200
699 552
653 722
591 750
26 998
88 595
530 598
843 741
271 84
466 605
226 737
826 809
288 4
881 443
83 500
998 168
321 76
322 319
15 192
479 503
83 950
151 345
195 964
347 769
847 952
98 137
173 729
657 788
929 623
622 716
680 691
473 859
368 143
80 531
634 166
100 734
47 49
396 207
434 22
587 36
438 630
764 576
445 374
875 225
748 113
415 322
663 248
352 354
888 660
211 169
283 756
175 450
527 537
441 16
19 814
331 704
249 847
965 897
70 303
865 21
281 68
637 521
180 894
715 567
475 266
332 657
962 824
728 650
432 71
641 277
879 685
520 694
171 674
651 156
409 857
176 124
716 894
201 415
367 494
105 59
662 495
465 163
121 833
324 354
181 231
661 173
336 400
449 727
833 647
859 108
243 451
190 222
670 68
547 667
967 514
254 705
259 963
521 308
26 877
640 309
301 346
41 296
403 337
995 171
835 434
530 348
269 264
914 63
169 140
972 846
118 185
28 81
798 597
692 248
400 456
732 497
420 795
592 316
313 685
614 953
8 157
84 360
397 53
183 612
630 183
667 443
135 641
946 206
931 638
145 437
330 123
866 25
702 324
443 840
581 482
118 693
712 418
330 202
867 417
603 170
27 806
746 690
874 399
179 995
788 998
45 950
317 561
71 742
850 295
153 109
236 950
862 646
520 707
831 733
449 887
763 975
859 652
751 394
219 877
951 84
383 566
59 964
647 191
978 18
603 643
197 958
270 213
538 794
334 249
608 676
926 413
876 772
437 240
185 143
423 445
11 263
964 231
930 51
767 754
882 344
569 95
66 109
357 282
952 342
589 95
185 105
960 801
82 183
119 304
925 125
48 671
355 902
142 1000
414 525
413 573
679 3
829 626
702 224
631 266
941 772
721 410
246 351
838 627
540 773
825 388
713 868
937 322
277 801
939 508
917 381
374 51
398 803
660 562
78 971
961 245
653 791
217 357
880 483
858 762
40 234
991 305
44 786
725 133
672 511
892 666
681 103
120 711
176 617
191 910
984 432
947 292
805 525
936 51
59 292
580 642
746 662
529 196
725 469
589 844
19 870
905 841
67 638
249 775
512 785
197 239
322 328
777 478
875 738
63 714
500 944
448 539
732 235
36 306
167 536
350 161
244 445
816 278
802 985
606 615
2 785
498 256
336 683
957 775
707 972
413 809
592 636
168 680
393 773
232 379
693 402
654 904
310 891
536 339
202 843
318 329
599 968
824 462
436 796
309 10
594 328
155 956
483 283
636 307
498 332
102 627
450 240
180 281
53 21
272 932
99 715
160 258
372 733
194 205
323 499
90 10
643 784
184 75
815 630
302 671
329 707
129 719
740 471
243 729
890 420
838 972
605 975
843 806
611 35
114 662
283 175
946 549
660 615
152 822
317 68
20 952
565 430
715 113
633 728
784 694
930 876
757 839
609 665
869 841
925 935
654 159
12 669
19 676
653 29
876 234
36 993
53 909
719 300
870 904
743 154
232 780
139 488
965 940
639 69
894 321
10 108
257 869
793 859
979 931
405 421
249 803
453 361
720 880
700 190
116 53
334 484
119 918
248 101
709 56
90 648
306 637
568 792
629 881
465 420
340 940
855 435
996 305
872 617
764 591
214 616
567 428
91 415
189 806
68 217
926 469
931 289
684 31
318 357
679 763
751 17
254 603
570 891
186 731
526 697
301 762
660 967
916 425
939 120
831 62
744 208
561 526
855 164
488 302
90 494
678 679
165 496
648 918
276 959
868 49
544 711
13 572
678 822
368 339
421 215
787 154
91 633
165 210
85 11
415 926
443 973
900 42
995 108
192 847
265 533
838 714
108 51
918 384
978 969
207 393
246 161
598 330
126 603
577 258
274 748
519 826
705 176
579 651
191 881
361 618
415 333
495 618
945 498
433 166
92 381
623 963
225 68
425 522
814 236
374 551
73 24
404 976
426 840
823 151
201 188
223 955
224 11
129 56
719 983
477 456
564 916
874 108
452 154
419 467
556 272
940 119
465 17
817 196
966 935
551 527
113 615
816 60
7 74
121 832
794 110
402 661
564 601
600 786
15 355
343 182
972 774
591 604
727 44
996 825
90 83
933 701
57 138
77 887
939 100
467 72
69 935
252 483
420 727
756 947
579 154
434 503
837 23
312 935
212 704
428 773
472 173
734 709
437 625
856 339
625 42
462 148
978 794
761 474
653 754
766 837
412 672
674 719
14 404
182 778
238 758
791 868
470 339
528 612
269 122
330 120
370 957
95 440
173 478
402 147
528 755
654 343
322 708
383 509
525 26
808 579
766 694
399 989
386 216
940 535
598 675
254 501
515 173
585 988
701 682
249 731
567 833
902 545
794 495
888 510
10 446
926 736
716 867
842 546
898 496
633 451
153 319
362 655
493 423
917 197
591 274
668 845
285 443
472 734
104 949
134 192
478 550
242 75
236 46
744 153
813 501
963 953
198 678
716 295
845 389
958 171
703 59
426 21
907 558
363 626
270 162
398 407
381 741
38 142
782 313
909 332
380 419
754 208
256 747
777 415
246 348
339 618
605 795
776 65
526 173
412 277
930 726
401 12
703 511
282 825
228 797
378 942
839 239
566 813
883 903
464 827
157 263
66 515
654 128
303 850
54 220
480 588
939 810
784 873
179 849
382 840
206 442
593 900
391 284
339 23
608 732
257 792
885 224
98 754
631 540
779 703
121 339
840 447
970 814
976 855
810 823
546 753
35 108
211 303
345 865
199 142
805 705
510 345
77 362
336 684
337 133
449 963
251 603
656 383
539 475
516 795
759 995
488 134
196 223
470 810
881 593
94 902
720 465
257 373
955 410
336 458
256 139
989 695
978 812
947 199
368 586
795 719
388 815
963 917
512 235
694 775
347 488
215 657
181 865
259 683
5 435
243 728
13 616
604 679
476 774
847 817
460 367
578 6
65 121
963 576
197 402
130 567
369 803
208 623
942 590
355 272
374 28
515 53
985 169
880 433
771 290
331 363
350 21
355 353
212 478
359 345
400 160
383 87
627 781
477 910
369 525
540 236
390 783
567 709
913 998
218 858
365 729
919 72
930 289
718 706
719 303
98 295
390 553
410 155
49 361
358 239
127 944
183 994
40 372
684 581
334 378
686 15
217 887
483 170
773 149
420 359
652 58
595 461
520 895
625 792
410 556
552 616
498 980
237 695
571 59
555 734
538 800
520 940
153 326
143 70
12 447
608 36
509 823
20 914
884 209
6 165
778 194
707 824
29 860
980 748
597 578
954 899
917 253
223 538
428 478
547 784
564 178
417 43
954 882
696 677
18 497
440 99
859 337
501 646
85 327
639 992
236 606
475 571
939 136
100 132
32 428
811 696
659 249
918 252
739 807
260 84
27 355
454 1000
545 226
798 748
626 409
678 902
973 634
151 770
8 20
373 670
377 347
48 789
274 459
156 811
378 119
432 75
827 678
735 340
923 75
62 389
322 590
253 730
144 882
353 172
961 813
308 376
568 761
967 275
678 322
900 728
278 92
905 678
102 432
839 479
724 909
917 635
174 140
322 899
343 559
961 402
859 565
278 809
356 588
779 340
712 817
694 353
988 70
292 989
274 494
225 406
79 311
390 454
263 76
654 807
552 745
918 805
427 847
428 156
103 482
551 526
202 817
132 680
152 102
817 340
945 671
405 859
841 606
751 199
480 546
855 101
819 182
470 205
459 348
298 978
760 729
380 826
142 867
694 860
975 813
588 326
200 671
937 586
425 382
673 448
583 701
179 267
17 676
324 800
242 409
327 16
455 479
369 794
414 178
57 581
701 372
539 345
192 940
193 133
43 257
382 627
772 193
378 957
596 269
838 326
396 237
198 33
918 366
957 460
83 291
11 526
943 137
265 786
443 93
110 968
331 529
923 46
300 992
598 561
248 636
605 363
300 333
74 245
183 949
552 24
36 137
314 823
246 838
248 47
15 797
591 78
439 205
280 874
98 561
491 754
357 836
467 129
256 171
974 237
786 721
28 987
486 315
774 983
176 233
360 342
723 909
859 940
200 255
536 377
332 996
833 777
512 482
113 659
241 422
794 928
731 7
80 115
388 820
685 714
372 763
891 349
362 287
532 195
380 82
474 151
847 329
367 960
63 475
375 85
878 52
881 496
422 46
647 547
227 194
542 271
212 630
69 811
964 677
14 164
198 577
259 735
226 790
282 612
795 751
998 972
268 535
203 42
244 694
868 296
92 994
44 893
173 543
320 253
715 36
128 303
994 117
776 160
317 768
725 525
696 503
883 823
830 582
357 676
247 752
966 6
608 622
236 359
112 349
120 824
887 512
709 288
140 29
913 795
54 767
24 555
607 385
349 433
776 621
136 908
418 778
435 664
440 814
516 434
266 854
508 389
70 388
110 689
650 560
138 997
33 530
734 743
59 994
43 409
405 210
67 303
909 610
254 835
415 73
79 412
547 998
620 720
931 263
613 361
871 545
253 867
396 793
401 641
238 422
39 147
105 275
712 261
608 470
886 653
652 914
834 872
870 217
380 226
366 437
80 238
616 48
9 38
765 753
379 58
933 965
57 818
294 1
449 40
839 287
622 52
787 128
995 229
243 840
550 161
790 656
773 974
189 23
782 52
506 141
89 483
1 769
339 579
347 855
166 297
577 118
795 187
580 947
942 702
293 233
726 849
68 60
970 143
378 167
187 683
544 232
345 808
442 927
291 857
230 893
741 729
352 345
84 896
47 380
294 809
608 522
456 743
532 1000
239 740
719 273
448 859
68 412
250 475
552 65
495 959
667 816
851 79
894 147
370 567
101 421
193 826
849 648
791 686
805 531
257 5
901 852
63 633
229 321
67 378
432 45
474 664
789 239
404 67
405 246
708 497
945 993
243 826
785 888
276 5
228 798
449 607
87 69
988 816
898 552
557 293
266 398
335 611
452 469
440 501
370 74
578 679
886 166
915 132
132 378
151 718
336 213
462 949
142 823
76 15
263 717
195 683
716 511
133 465
959 853
123 477
913 389
824 40
682 74
864 758
649 131
668 233
127 262
815 362
726 816
854 196
921 771
112 409
942 619
190 716
212 396
568 412
326 508
221 714
903 772
411 158
50 498
253 729
680 837
575 750
725 187
47 419
586 403
197 387
170 598
917 634
451 143
804 12
897 742
537 655
511 500
421 988
604 369
287 39
254 46
201 162
845 633
723 37
528 85
714 352
842 445
419 324
115 213
81 805
107 585
272 546
954 66
223 859
522 398
261 442
172 11
46 532
105 56
107 998
210 485
360 394
802 225
200 339
988 788
793 482
685 331
526 744
267 967
141 994
57 31
423 248
137 471
191 108
157 12
902 5
953 85
226 378
80 39
959 107
48 581
711 506
807 39
834 963
527 484
15 176
702 90
778 58
500 170
504 657
213 119
400 444
255 748
976 271
213 216
550 233
520 428
957 233
178 402
445 437
584 851
490 590
161 998
520 59
739 433
562 682
140 276
605 584
43 87
168 85
757 829
870 628
984 471
439 473
917 557
773 585
905 705
670 963
69 172
948 673
588 632
607 428
150 39
575 834
999 54
766 263
107 390
783 785
699 346
993 121
505 583
453 303
699 459
2 921
461 788
300 150
46 342
709 254
345 779
879 706
667 518
427 797
907 600
563 601
983 864
106 468
271 676
771 612
955 259
171 272
462 305
603 309
15 675
203 643
59 679
977 472
320 997
524 491
854 614
431 915
552 996
536 489
354 668
262 907
670 20
506 579
786 529
384 773
14 909
887 26
21 954
309 515
360 132
158 754
806 423
312 103
385 749
351 334
134 480
673 114
748 722
30 657
752 533
787 502
735 468
726 241
756 966
445 134
798 666
985 433
861 81
489 834
237 484
881 723
970 438
865 692
458 354
361 885
160 504
1 804
458 245
973 658
190 644
874 701
273 200
865 406
576 815
577 26
923 50
619 899
411 326
451 789
291 956
177 436
754 658
518 849
212 154
733 264
364 429
991 720
261 561
269 894
219 575
435 618
438 863
828 467
131 869
831 796
888 318
45 919
597 666
883 310
853 512
73 470
810 821
760 376
119 911
222 644
33 928
546 638
638 200
719 905
261 609
281 291
300 9
432 145
140 674
219 251
334 167
971 725
681 851
461 235
979 530
817 403
525 930
380 29
293 946
3 904
63 24
94 180
216 641
821 492
53 18
54 501
60 636
369 485
242 109
206 560
156 285
543 659
621 687
329 887
845 423
424 605
714 266
934 172
195 876
503 231
820 219
632 925
34 720
164 647
131 145
882 940
205 394
412 85
675 777
329 593
683 818
830 39
647 919
537 243
931 493
575 369
759 244
288 329
916 955
999 954
344 208
515 811
113 437
764 948
558 911
636 993
835 826
550 275
745 789
562 453
914 454
623 936
576 41
831 931
192 290
166 746
153 185
546 672
605 195
990 391
594 852
153 42
796 708
217 985
598 856
140 864
141 569
604 119
96 44
747 728
559 77
50 629
768 648
417 350
509 48
699 96
936 622
519 437
483 717
944 73
506 822
395 259
241 515
612 534
168 647
760 993
696 585
381 359
112 996
872 266
94 755
773 476
280 287
85 468
162 942
927 583
198 861
473 370
588 406
99 744
336 214
427 289
792 361
377 639
107 60
341 156
346 770
352 843
834 111
392 38
545 224
708 596
947 820
948 27
604 645
259 278
186 794
722 824
83 954
928 71
621 70
313 661
761 451
243 980
482 36
155 118
291 216
52 758
903 775
317 214
65 357
22 885
409 368
598 440
583 172
362 304
205 806
886 283
705 294
615 799
387 1
123 905
253 570
68 497
589 785
201 208
644 598
524 956
31 156
612 837
663 331
701 756
79 128
788 903
858 709
698 874
515 336
349 666
500 794
842 964
266 254
698 221
419 468
337 195
86 582
379 456
290 91
383 892
242 832
797 648
390 230
592 726
722 329
686 596
673 779
86 800
88 713
73 955
863 552
220 574
422 294
759 715
464 488
82 571
837 953
16 240
293 731
367 942
615 352
293 684
935 237
956 595
460 290
601 868
319 745
570 586
271 330
277 777
189 237
905 260
66 792
85 44
41 462
357 825
744 651
377 486
286 1000
839 4
435 194
630 139
26 301
64 232
687 944
890 44
943 26
268 290
520 256
472 381
472 215
445 443
757 828
350 354
353 206
260 910
167 487
853 265
822 968
148 751
351 604
634 408
46 10
14 548
861 159
277 318
943 744
931 977
948 849
1 308
93 934
921 203
25 446
73 394
805 601
346 24
257 211
920 397
191 520
390 273
410 499
513 258
219 865
736 181
493 286
427 796
84 637
286 209
15 573
201 447
85 825
964 92
50 652
708 89
841 632
517 637
593 143
557 364
280 296
191 50
506 576
324 721
716 723
642 746
369 504
247 283
459 203
389 172
742 522
156 169
708 910
826 73
220 800
189 303
317 346
501 493
191 353
359 963
199 154
881 71
368 414
976 349
960 626
333 976
264 41
943 363
265 368
838 631
866 356
848 807
388 394
924 68
283 116
981 21
566 689
667 490
298 411
338 604
725 16
429 947
670 755
394 950
144 813
995 822
653 868
636 572
679 720
268 85
179 850
454 296
942 493
307 699
620 255
590 547
371 363
814 43
512 789
32 751
362 42
714 455
755 529
883 452
210 102
796 737
382 440
496 811
563 519
398 625
914 935
898 288
94 826
149 106
390 396
910 887
262 945
440 765
813 196
101 242
856 10
569 672
59 706
43 185
685 778
979 533
416 469
508 75
441 902
833 644
906 216
861 775
33 92
952 374
94 679
651 868
303 473
324 580
364 665
950 688
610 705
223 342
904 328
347 82
635 894
860 677
80 383
522 874
47 853
583 647
621 464
164 535
773 955
652 828
911 813
695 906
978 846
407 194
134 894
768 461
273 26
130 677
972 412
619 977
729 177
587 63
183 680
460 902
294 707
917 646
148 816
990 219
670 905
271 25
453 51
879 244
112 379
735 685
357 599
504 245
583 489
541 838
918 118
757 22
426 848
188 791
11 822
768 619
736 287
476 26
278 768
390 334
361 462
427 375
76 871
332 761
560 860
84 582
233 132
586 896
879 261
300 326
700 887
654 576
668 914
225 504
707 940
985 786
927 147
859 889
609 338
612 535
828 564
119 545
254 972
756 278
522 202
975 564
580 68
635 810
342 371
470 164
896 11
73 926
115 311
915 134
988 592
848 419
647 327
6 341
636 450
322 22
967 938
990 601
609 798
904 356
544 731
906 478
265 430
222 374
829 694
268 586
87 438
808 623
248 892
434 305
660 519
757 517
830 851
28 249
635 155
344 62
986 629
854 781
865 620
131 224
947 66
641 819
624 981
736 767
183 652
169 454
923 253
925 903
95 441
969 367
843 258
284 768
97 164
867 392
785 141
254 370
468 847
789 158
317 552
46 94
527 661
325 493
185 698
136 838
384 320
202 715
682 5
339 302
210 191
126 106
662 134
746 31
598 980
92 189
867 877
440 547
387 885
724 554
48 59
525 519
195 188
140 619
55 344
634 795
525 920
964 136
712 97
471 392
935 313
225 742
579 467
617 36
391 715
87 216
494 202
918 696
850 674
873 835
498 187
290 685
533 351
52 794
510 931
683 95
248 954
928 134
730 30
825 258
256 515
367 655
351 10
464 678
507 792
411 256
761 621
288 259
41 461
574 225
812 814
653 750
361 808
69 487
765 778
624 866
967 466
737 581
221 300
222 31
903 874
652 554
415 668
640 886
885 743
71 988
232 938
948 572
365 670
631 647
210 865
227 581
984 328
268 1
879 466
92 349
255 179
757 93
188 872
923 487
83 2
121 187
747 27
675 326
948 850
749 446
455 834
659 954
642 52
572 949
756 138
475 975
140 809
950 254
291 431
374 308
120 219
747 470
641 485
146 957
73 747
495 68
869 51
430 721
107 964
181 341
129 826
566 723
441 248
778 153
393 893
102 761
121 827
498 65
661 204
85 145
9 301
12 672
569 357
717 101
440 431
955 592
264 893
925 120
602 231
290 689
721 243
761 958
133 5
122 896
319 814
252 259
473 474
271 139
661 543
904 316
298 215
798 664
674 922
40 546
142 15
274 511
540 998
635 32
230 964
981 20
195 899
277 669
294 853
957 11
777 381
118 9
944 608
51 64
2 388
807 521
294 676
890 65
377 114
883 824
990 252
992 839
284 405
615 721
136 593
92 690
532 983
179 961
59 315
760 412
244 885
173 335
598 592
432 361
292 163
480 67
297 627
300 854
652 131
983 691
841 78
988 235
898 31
352 13
228 688
500 957
391 79
158 878
654 883
987 732
898 289
694 704
646 707
498 317
218 185
659 692
396 566
419 495
833 889
641 114
589 284
972 612
129 774
224 644
65 640
731 247
931 409
626 995
829 862
920 934
116 513
873 138
983 469
472 557
623 50
271 969
21 556
111 270
617 141
503 112
198 646
898 788
904 329
743 926
90 390
271 239
590 459
792 446
151 901
781 526
484 658
576 752
688 718
341 472
786 55
346 590
277 832
313 639
334 787
812 871
276 712
528 898
682 375
683 978
37 433
13 215
929 566
624 938
217 324
458 102
279 116
762 40
32 959
623 837
350 315
503 843
162 981
415 485
183 841
571 897
67 944
857 566
469 696
881 41
275 799
884 793
408 508
724 194
638 264
909 848
901 934
609 6
136 826
709 35
452 28
642 252
441 485
337 340
358 418
451 220
508 283
823 940
92 218
963 373
702 775
928 102
560 781
56 635
453 519
38 703
332 984
522 376
299 161
462 367
138 97
307 682
58 184
918 546
578 563
509 641
38 921
630 967
501 785
262 849
156 460
658 12
398 305
138 408
830 276
775 397
599 201
657 706
17 547
289 326
753 281
241 77
630 737
96 840
616 47
678 811
75 450
947 822
566 604
694 513
94 103
278 391
26 420
908 522
565 397
109 373
815 987
5 710
743 582
544 152
268 312
490 760
491 65
645 344
918 326
518 908
408 651
670 859
710 164
752 106
550 317
80 758
383 452
884 607
616 649
514 322
808 59
993 481
297 570
338 214
603 878
875 5
396 442
568 987
110 786
20 638
296 766
98 694
372 9
328 202
84 645
115 741
162 731
509 240
384 321
556 495
10 391
208 219
34 257
328 62
384 240
331 949
334 934
137 536
451 184
608 85
662 374
663 555
741 263
816 162
584 222
349 954
945 659
855 496
548 456
163 938
114 132
854 731
570 447
1000 189
48 282
600 791
530 658
413 14
402 801
475 893
60 837
438 995
872 503
29 94
586 435
531 772
972 914
111 326
794 874
848 677
545 416
621 373
829 616
811 421
425 354
14 204
108 735
839 770
520 369
385 928
226 782
445 208
26 932
160 96
469 218
1 940
109 195
351 154
86 349
804 536
476 633
627 939
411 206
529 295
123 728
179 90
255 463
97 997
403 930
443 721
995 796
858 185
201 775
40 131
763 409
401 456
503 642
589 977
771 28
663 26
704 41
5 988
282 115
286 539
474 795
970 932
398 645
40 417
131 778
405 375
47 453
780 421
305 3
758 780
617 570
301 87
874 171
837 37
785 394
590 743
292 878
441 428
641 331
915 660
21 25
334 80
724 984
263 172
955 260
387 848
444 775
201 241
845 205
936 695
703 755
209 107
64 786
854 613
747 759
534 587
518 204
78 375
885 436
890 825
147 186
385 625
595 568
216 599
53 221
294 25
995 380
194 389
503 141
783 111
161 308
513 543
308 397
796 757
554 421
173 889
737 356
763 121
252 738
127 502
592 143
387 167
226 901
209 721
251 314
625 201
130 735
250 439
994 414
922 675
423 690
875 385
640 932
532 754
757 877
169 396
559 155
947 189
442 368
951 605
538 482
118 808
875 175
26 722
348 805
210 834
54 755
221 66
206 302
577 682
585 231
892 997
396 322
845 685
728 729
210 247
971 1000
258 641
618 27
90 976
936 516
495 252
33 368
340 884
355 637
872 273
375 870
582 656
677 904
203 561
59 565
581 600
17 949
977 219
336 237
100 30
378 408
380 254
365 110
96 685
320 529
640 135
471 518
809 691
901 99
26 687
502 952
986 893
414 738
697 262
187 848
133 282
100 963
139 981
981 70
322 325
762 708
420 970
683 836
776 98
761 548
190 724
743 545
411 938
986 927
222 69
939 623
182 798
213 782
201 846
936 503
348 562
147 624
250 261
344 834
515 957
184 747
37 36
460 808
515 808
581 420
601 419
47 376
508 848
219 751
473 659
341 69
625 561
537 695
654 562
34 395
89 972
584 74
127 780
845 593
828 353
499 429
803 165
628 406
684 352
371 103
427 713
871 786
193 943
819 911
716 849
201 484
777 723
262 165
680 960
449 930
30 129
681 803
524 479
963 201
827 374
612 736
135 637
318 367
711 748
197 658
519 229
66 335
557 324
264 822
872 43
1000 96
270 236
70 82
77 734
705 733
373 583
523 460
941 821
92 702
178 631
35 962
551 58
264 20
998 825
821 784
215 545
592 184
761 599
868 285
762 760
134 713
636 785
1 604
929 759
44 569
308 756
401 62
403 536
316 207
498 678
527 211
622 828
566 895
992 764
504 966
620 396
732 758
537 960
610 150
594 755
188 96
656 981
525 159
672 317
891 675
388 129
194 704
922 957
174 113
693 911
514 323
516 501
519 982
419 392
687 364
466 416
129 587
400 830
889 160
751 995
824 993
700 855
315 442
882 78
580 486
194 681
525 291
304 169
753 581
676 977
913 513
418 929
366 987
884 28
335 932
107 589
825 618
788 346
81 170
428 153
621 816
712 20
533 10
256 42
20 947
495 403
385 831
854 606
531 553
838 941
475 460
974 295
100 496
750 835
963 50
11 353
855 96
553 818
56 886
548 895
191 327
668 517
336 38
209 296
601 734
414 905
787 369
169 586
340 757
388 236
48 633
470 416
763 709
401 367
347 471
864 763
647 570
285 789
434 497
949 318
441 527
316 909
498 1000
937 471
999 648
322 282
749 97
291 729
551 431
83 603
873 669
51 249
472 34
860 909
667 900
296 240
429 588
760 460
883 945
147 571
331 310
740 602
905 491
9 574
550 463
787 523
60 95
667 33
335 471
597 928
139 584
767 496
624 66
754 765
763 978
35 280
182 473
240 714
149 768
577 717
615 909
236 542
185 724
297 678
11 880
289 630
235 478
879 601
712 869
391 101
361 388
785 538
589 532
133 574
461 993
345 696
185 807
918 905
902 258
444 768
926 388
840 69
822 85
509 870
640 593
998 298
86 720
702 574
314 487
759 571
67 229
86 835
399 34
494 228
669 192
137 503
428 562
693 202
460 522
366 418
284 401
432 644
436 212
19 100
772 366
542 368
891 190
804 863
181 696
122 864
493 627
431 64
659 754
410 70
649 223
880 395
311 543
833 27
83 740
675 808
490 686
606 240
458 64
114 990
314 349
120 607
914 316
429 961
54 221
126 405
426 371
771 490
424 223
373 228
600 88
801 839
876 253
154 642
787 660
258 90
459 665
303 702
165 954
953 793
995 827
631 538
615 945
554 683
619 903
353 826
448 530
451 341
125 278
35 18
589 679
898 140
131 519
794 461
667 585
45 181
84 557
451 226
9 637
845 910
572 714
497 608
115 145
461 901
499 238
928 806
357 244
784 442
188 560
38 657
37 846
962 541
409 651
785 12
233 975
932 593
737 495
672 320
320 965
319 25
690 927
345 438
401 644
6 477
384 861
449 656
485 370
91 199
176 608
590 303
576 183
649 319
725 524
997 279
259 512
597 450
306 159
929 904
512 144
146 498
646 62
367 592
854 66
503 144
803 768
337 1
77 539
527 73
848 460
18 427
860 966
517 419
522 587
335 661
714 979
451 592
61 88
672 419
784 685
847 706
512 468
343 803
588 734
460 809
687 218
376 340
84 909
896 821
435 477
607 339
900 625
225 49
859 876
802 675
1 448
257 894
75 723
611 997
426 863
576 84
305 74
548 18
309 514
382 72
20 715
261 687
82 124
983 966
106 118
141 565
514 49
175 597
715 302
775 954
427 712
64 526
410 566
12 294
845 946
276 403
168 764
685 73
474 898
689 398
784 422
915 572
954 26
336 285
543 460
285 460
33 275
15 743
810 852
618 286
926 111
394 324
238 71
630 965
984 698
453 968
833 534
289 324
244 21
493 28
562 895
85 306
394 521
215 691
660 812
266 132
388 622
100 785
691 654
750 175
511 857
901 215
763 32
579 817
730 347
325 517
365 260
97 622
99 168
62 316
892 507
820 328
549 822
69 739
183 536
440 930
463 597
320 58
448 111
486 747
161 846
204 612
521 37
162 900
839 834
383 454
165 799
55 426
10 720
417 818
455 970
794 240
776 603
130 200
944 696
250 789
402 223
547 361
430 879
969 223
257 203
459 914
386 273
943 567
909 963
150 489
74 12
521 241
441 312
58 120
208 421
944 105
466 997
361 201
243 173
744 390
228 831
618 483
711 834
930 39
627 83
205 217
461 175
121 544
270 431
915 822
388 862
523 269
66 336
862 930
517 807
646 213
371 559
856 909
750 105
860 761
75 275
385 821
29 382
843 790
683 225
167 464
578 473
317 419
672 158
302 585
105 665
217 119
350 181
762 797
398 847
130 761
94 190
518 213
9 684
13 140
342 568
274 696
809 57
838 440
342 683
606 164
311 472
986 573
386 945
904 814
923 218
687 45
102 455
528 746
255 47
809 215
813 647
351 600
118 893
979 627
629 111
120 913
529 865
624 289
842 248
650 494
990 432
816 403
379 797
470 692
805 581
719 3
867 788
542 520
928 940
751 402
24 373
25 220
606 514
436 795
746 129
541 76
129 831
955 375
3 770
298 670
940 225
454 350
798 195
12 716
513 81
56 932
509 726
593 131
585 197
427 79
759 968
548 637
11 168
751 86
228 49
85 392
602 226
485 430
547 703
271 103
347 389
864 553
683 47
8 357
859 366
554 272
209 565
527 455
658 370
513 541
200 816
242 439
377 676
492 594
639 644
52 916
571 940
860 995
829 364
190 830
605 645
198 357
606 358
705 87
450 586
344 249
153 533
501 684
822 825
381 417
363 68
827 597
754 655
520 171
23 104
830 584
634 73
796 936
391 388
247 718
632 518
329 69
10 744
373 148
357 575
451 566
987 664
605 329
935 856
58 764
205 635
612 405
916 423
295 590
97 451
307 150
379 825
31 80
276 265
538 932
249 617
327 846
552 280
844 171
922 438
985 826
533 208
368 788
872 644
196 198
968 183
782 364
453 689
807 422
936 661
21 285
687 623
599 351
30 69
33 487
881 731
185 28
204 328
665 746
427 171
122 705
817 487
775 728
164 942
132 396
480 863
865 961
569 503
843 752
140 399
203 785
739 931
873 937
485 595
237 14
19 131
647 637
931 934
4 100
960 594
118 334
924 53
493 746
840 951
913 189
438 752
510 5
869 992
316 920
736 727
240 934
630 247
575 594
689 743
601 457
490 274
2 278
705 349
788 751
729 343
645 689
904 629
335 63
836 624
460 457
396 401
309 912
951 321
741 957
249 811
323 748
949 672
904 78
2 939
476 22
349 256
831 652
82 125
466 220
107 611
200 95
642 874
914 903
385 243
333 157
903 17
742 119
251 636
783 222
185 862
884 216
405 865
67 414
586 622
128 10
367 179
462 669
599 996
232 238
693 367
90 212
313 115
906 248
926 255
927 578
313 220
869 511
781 845
450 95
582 924
329 790
146 324
702 209
65 828
69 860
910 258
218 338
754 128
995 182
989 481
104 341
123 467
454 793
290 982
700 577
645 64
173 703
411 118
449 191
450 478
40 908
795 236
691 431
160 293
108 43
737 573
645 354
350 504
954 690
471 52
709 575
309 393
628 897
40 170
244 906
447 791
134 502
467 173
982 604
843 262
955 395
993 373
421 740
818 120
468 321
127 972
58 709
831 962
671 681
615 875
410 198
701 40
221 136
215 494
343 661
913 630
625 684
41 691
392 847
165 949
764 645
604 510
269 611
918 880
187 230
403 768
432 207
586 928
475 35
211 605
196 143
321 481
687 992
662 484
756 455
95 947
251 649
879 507
922 106
656 614
778 112
638 886
677 846
800 551
48 748
584 270
747 810
659 316
784 886
493 110
125 330
165 448
899 762
5 99
668 293
890 629
393 257
964 584
696 934
180 255
109 47
347 582
976 374
575 470
282 523
526 814
359 555
913 347
347 759
22 601
78 837
209 746
527 128
691 194
97 905
648 103
303 977
35 687
364 596
682 330
351 933
338 516
564 837
224 483
886 85
926 812
664 480
849 846
900 699
886 452
508 666
74 237
407 702
824 193
165 532
334 437
470 693
953 733
468 650
277 27
58 659
542 521
594 15
864 127
872 538
547 98
949 954
732 62
219 149
383 910
811 937
124 302
16 648
486 11
595 588
797 280
47 745
746 416
643 942
509 582
73 502
927 538
55 975
596 773
336 147
919 523
960 984
912 859
382 109
576 744
4 897
132 94
133 291
412 510
17 266
808 555
792 580
494 773
675 861
378 71
400 301
603 546
660 571
505 515
173 536
853 295
634 730
441 448
222 255
190 537
339 314
640 854
36 871
843 369
637 885
429 848
895 173
866 933
957 346
923 342
616 708
447 956
909 215
123 948
36 69
239 574
926 554
981 543
642 101
609 254
374 241
934 709
478 705
11 926
106 16
474 540
475 333
711 210
809 457
279 641
375 684
125 389
418 999
779 482
729 935
487 627
129 233
668 826
119 600
921 411
167 650
370 206
581 941
357 468
110 490
953 181
347 194
39 136
584 503
198 875
971 553
294 350
150 978
284 320
30 356
587 537
623 175
592 945
535 698
869 299
686 391
982 26
967 850
345 199
886 934
228 308
434 439
161 725
497 285
170 397
440 668
375 340
216 195
235 673
571 971
277 844
652 648
723 625
830 823
826 963
154 838
481 338
923 103
162 783
736 744
257 545
19 574
334 561
481 451
118 920
191 836
141 111
120 566
980 82
602 972
345 609
328 473
827 993
331 734
889 24
46 71
709 269
879 957
771 230
246 580
654 672
241 731
665 137
794 303
729 786
289 685
471 157
515 395
996 556
944 79
236 458
600 737
289 798
200 175
475 119
834 562
137 706
125 139
966 963
699 836
663 993
703 820
86 798
971 580
55 529
792 81
116 609
688 162
998 579
341 836
110 51
570 842
756 561
977 196
946 781
413 328
53 225
868 58
227 178
468 680
605 953
125 719
739 815
170 478
616 162
924 235
906 685
30 610
270 13
532 480
865 645
94 305
991 205
77 573
602 364
507 992
369 482
856 999
131 342
459 837
278 411
761 453
265 540
217 315
343 848
373 144
936 470
56 173
408 655
689 514
597 905
1 512
473 579
737 798
973 950
88 480
466 268
709 336
62 846
918 420
757 68
245 400
876 1000
225 102
269 640
701 669
940 699
293 745
118 561
746 870
193 878
68 270
642 45
42 865
775 779
245 690
233 218
183 252
106 163
650 755
396 619
219 136
609 256
59 803
333 128
742 36
121 734
177 668
529 711
90 919
590 625
298 696
851 428
747 527
604 140
896 125
110 317
845 182
157 687
897 805
47 724
194 91
677 845
953 237
682 981
665 673
8 764
502 682
618 643
129 713
986 111
91 769
973 163
385 666
712 467
208 882
373 600
134 398
156 242
916 692
829 725
833 274
568 97
492 201
989 237
313 586
943 450
515 587
825 487
23 352
88 117
970 383
292 327
991 455
973 888
978 930
28 329
322 682
804 762
644 899
387 506
390 975
447 778
545 706
175 379
456 727
849 800
885 98
279 297
874 501
411 401
831 993
813 278
84 822
801 922
253 841
589 815
975 6
300 254
969 249
563 456
646 585
222 751
724 885
818 462
570 351
435 896
241 739
183 192
485 810
906 882
362 869
55 266
479 718
751 473
689 468
858 453
908 292
858 587
936 699
902 400
794 569
778 130
245 857
379 347
792 26
556 19
833 690
100 407
671 482
68 693
56 789
935 425
848 465
854 347
628 113
674 181
893 319
198 671
53 168
219 336
902 845
194 110
893 400
569 74
364 706
437 698
527 210
463 702
962 573
929 850
513 531
551 511
165 256
682 122
920 523
482 388
246 341
633 730
837 747
479 305
625 205
164 479
282 782
912 393
628 843
44 772
580 877
100 664
359 445
641 894
23 106
317 905
546 949
69 248
842 56
425 811
656 734
945 305
635 169
585 794
511 292
149 801
611 970
25 499
867 596
481 241
727 724
101 393
980 396
417 474
70 508
861 415
681 553
595 47
816 256
64 549
732 108
552 282
382 269
129 127
883 232
759 837
323 929
509 918
1000 177
632 151
760 972
817 315
447 448
430 758
863 840
336 451
137 310
634 860
428 499
765 54
462 566
194 848
68 681
640 58
859 174
86 847
574 663
354 554
877 720
603 165
490 338
688 485
462 976
1000 773
821 151
38 163
702 138
498 988
156 58
584 549
731 694
907 803
698 366
146 147
203 462
405 625
882 195
812 860
818 737
620 131
456 930
939 611
725 62
142 270
131 27
672 277
467 147
50 89
164 209
266 620
408 547
616 658
690 137
175 307
178 501
295 782
810 766
728 923
567 994
516 428
568 947
400 869
384 378
59 56
103 207
98 542
872 949
641 262
478 845
543 171
582 327
436 565
488 860
966 945
112 908
522 357
617 929
747 546
604 169
954 904
149 362
246 934
232 208
413 37
696 575
470 190
518 136
467 655
747 832
87 163
933 655
521 261
995 474
119 242
138 991
857 413
877 802
34 668
570 826
144 308
920 677
578 321
981 772
303 360
289 458
117 590
48 959
105 674
469 193
17 320
143 256
613 730
167 290
123 322
565 359
736 919
758 376
833 87
86 226
198 163
23 516
535 736
991 482
761 437
65 382
230 40
527 844
116 125
917 928
754 578
866 8
30 622
61 234
840 691
52 531
428 81
459 563
106 804
306 162
839 972
168 159
90 837
923 273
327 861
941 141
319 553
839 754
845 625
385 51
59 68
174 375
712 826
257 121
956 445
135 120
232 415
323 1000
111 905
612 930
288 758
681 938
767 992
237 661
707 799
354 752
257 405
603 463
733 576
574 732
445 920
945 624
488 485
151 159
73 781
119 214
655 170
73 817
308 7
99 915
160 246
144 651
604 753
74 580
915 390
437 726
78 728
688 572
818 583
14 64
410 176
264 131
892 427
624 777
81 231
56 293
496 412
792 665
601 15
766 883
469 455
291 571
772 202
169 411
575 519
120 583
706 338
563 199
212 31
675 897
734 449
697 909
538 395
889 373
652 439
563 116
213 947
452 669
110 977
775 571
101 690
598 590
748 479
767 77
258 485
577 705
689 783
945 357
339 242
626 383
658 514
715 639
404 958
673 945
633 218
889 832
818 380
328 240
312 370
483 812
559 695
871 193
962 411
984 539
480 266
851 365
245 518
121 520
343 409
254 812
111 941
295 333
763 75
968 158
76 395
524 483
232 153
233 864
696 520
664 38
191 59
807 157
362 437
916 363
777 171
484 789
535 868
385 790
761 817
243 710
249 973
446 425
303 288
507 845
808 97
401 216
184 152
402 179
498 520
501 755
88 820
861 647
597 253
669 768
346 999
161 553
865 573
826 813
991 405
596 443
9 717
657 201
844 697
807 519
477 928
250 234
827 598
455 617
830 591
267 622
20 304
840 715
452 753
337 680
805 179
329 74
502 738
45 894
687 179
598 618
305 977
602 921
953 797
311 223
903 507
46 408
193 676
624 320
220 155
719 115
465 292
961 703
211 328
192 845
689 819
728 589
180 936
881 877
858 567
551 632
402 561
310 174
872 808
523 27
742 237
928 681
391 875
909 746
949 781
774 168
868 851
544 889
524 391
241 377
313 84
341 145
544 1000
797 506
871 681
730 783
983 467
436 918
170 198
523 600
452 928
797 107
85 425
929 19
413 354
803 550
610 728
419 977
316 595
99 325
227 152
617 256
488 332
569 101
338 50
455 120
961 275
264 125
764 448
503 364
765 633
591 941
834 178
563 496
341 482
161 580
623 508
222 447
504 576
565 435
363 263
92 991
753 947
197 372
937 69
403 993
283 375
714 177
236 301
473 613
679 749
495 736
496 642
784 210
675 550
213 619
282 436
413 734
505 293
344 613
992 128
78 813
330 82
177 404
242 626
538 903
921 53
409 841
449 820
899 279
805 747
441 344
519 429
2 84
543 59
676 664
458 894
295 290
150 547
965 302
854 567
450 265
181 151
333 508
544 901
266 439
695 434
972 789
241 357
977 169
155 917
265 245
41 50
293 559
830 286
632 513
280 406
959 126
925 58
69 968
877 801
796 265
816 599
912 790
21 417
42 3
351 31
759 434
389 894
191 422
251 155
915 474
476 525
106 349
544 432
66 780
236 220
143 688
167 790
807 745
919 275
762 884
364 184
526 482
95 266
731 800
53 724
204 608
189 853
967 261
606 95
827 926
149 646
197 394
823 458
273 426
917 641
38 294
175 583
804 53
73 5
145 624
684 547
166 782
742 361
429 440
305 106
320 123
789 296
188 929
997 693
779 334
875 793
220 498
923 231
448 717
505 908
834 470
295 369
315 671
525 512
430 700
180 535
916 131
755 925
538 701
977 491
704 685
279 937
285 428
949 837
466 355
461 171
229 223
431 631
128 408
94 727
976 188
538 607
133 921
579 105
697 246
474 185
756 535
816 740
363 643
143 65
820 901
256 619
461 279
276 614
834 723
919 593
902 897
905 163
319 529
602 479
251 167
397 327
308 294
57 994
539 418
723 705
133 349
924 120
344 818
259 911
273 74
587 100
378 420
256 824
60 374
464 955
305 633
553 403
132 96
480 858
792 777
723 543
70 970
375 29
607 241
538 392
331 442
791 149
305 859
272 44
491 176
918 471
150 77
466 494
72 650
899 486
352 393
761 35
836 587
62 1
582 122
326 925
956 380
280 709
723 91
230 121
824 898
197 128
276 369
684 662
614 211
374 824
505 575
988 60
646 734
667 529
941 402
690 658
586 963
71 905
555 528
168 696
632 125
707 877
151 561
358 767
146 967
879 427
422 664
68 800
318 194
932 905
682 548
276 616
321 452
750 303
113 794
555 335
4 735
955 617
372 111
337 850
913 482
418 501
738 466
831 123
454 954
113 68
276 634
298 222
173 994
377 575
523 664
339 631
70 645
401 104
424 279
460 461
248 699
246 474
482 689
790 637
813 948
644 978
244 606
815 11
890 489
948 616
515 839
701 112
853 309
467 102
886 991
749 644
843 451
628 619
420 400
274 431
559 391
616 711
602 870
41 328
219 566
629 79
259 240
727 726
734 702
893 714
361 329
912 87
785 479
399 683
805 916
185 763
537 334
903 267
542 729
634 678
192 509
288 960
48 182
561 449
600 409
874 24
675 73
741 680
861 270
755 823
849 462
392 665
450 435
675 214
327 987
453 556
771 587
276 107
964 184
676 756
167 963
318 421
323 193
821 322
277 877
739 713
850 722
207 492
823 517
863 616
302 824
817 628
432 726
73 699
848 78
578 379
82 906
927 648
826 637
350 855
886 933
703 209
82 797
506 433
108 285
56 384
772 478
10 438
482 422
375 337
658 485
677 327
934 126
247 795
952 809
772 252
278 365
652 538
362 434
503 316
844 734
627 790
131 29
44 746
58 316
652 489
199 698
628 984
165 870
162 107
528 310
356 919
359 48
280 189
885 88
335 311
196 723
590 519
628 766
956 181
315 39
23 878
686 26
706 812
525 424
448 964
894 153
844 866
394 533
318 981
192 473
874 237
750 824
107 726
126 118
628 412
276 297
44 189
448 738
396 578
584 169
570 388
992 350
721 880
828 972
777 550
209 36
125 136
271 788
309 449
919 904
976 834
284 641
896 871
910 629
953 214
792 84
650 30
134 135
212 867
587 937
952 282
100 56
964 449
652 327
640 439
856 816
366 351
631 337
707 353
223 897
70 547
622 12
200 765
811 463
423 957
161 758
825 351
735 164
757 668
276 673
977 628
834 852
514 793
442 812
705 98
834 262
302 272
421 398
128 640
688 975
25 341
343 877
144 877
786 308
733 765
519 814
60 177
480 669
192 121
16 439
956 123
518 790
406 28
85 435
344 979
868 68
537 740
644 712
576 14
155 149
246 592
413 673
748 260
876 337
60 730
112 494
444 421
690 397
323 716
196 326
487 321
326 961
827 236
295 530
888 494
176 922
569 917
589 618
780 877
642 842
336 367
506 851
819 798
471 19
592 560
750 5
191 315
8 897
9 424
289 936
772 963
185 239
919 940
212 784
564 557
859 123
77 922
139 191
417 598
677 731
983 624
536 181
652 911
493 959
377 945
108 583
271 191
790 901
404 878
534 883
743 991
48 974
674 910
694 629
91 544
61 840
100 818
999 646
934 55
631 91
702 86
246 511
393 487
829 436
709 910
710 473
288 394
677 224
253 233
666 595
170 610
754 294
698 854
515 874
952 592
314 617
611 245
792 953
689 547
373 10
28 507
128 765
127 31
308 923
701 988
631 671
559 482
28 618
359 120
107 483
861 150
603 632
298 334
616 891
12 54
891 859
913 709
24 604
905 937
788 670
803 146
931 937
144 277
236 939
371 180
281 220
68 252
451 268
133 568
405 195
727 384
360 306
380 813
589 415
441 151
243 31
171 266
375 508
524 270
662 340
286 105
414 162
113 575
202 856
756 295
684 500
557 210
643 405
369 358
868 499
168 983
941 708
742 6
980 926
86 837
124 8
380 98
309 170
60 864
740 194
388 831
797 389
399 492
927 518
560 207
91 878
243 603
229 980
94 466
539 611
907 939
360 940
425 911
130 948
442 898
498 518
429 648
912 750
855 582
769 831
832 437
649 193
374 12
123 268
910 24
813 947
908 969
183 415
277 534
44 775
424 108
154 323
373 125
152 113
213 996
109 595
681 82
97 139
539 92
425 684
762 143
780 354
948 536
399 916
790 207
921 396
171 797
334 763
45 892
836 537
303 580
224 225
36 246
443 65
597 672
582 188
692 660
948 830
770 42
480 458
466 245
214 895
813 548
126 91
516 745
290 72
707 554
275 365
926 712
193 964
997 45
452 183
440 535
572 704
578 773
336 664
889 956
656 363
147 400
221 322
777 521
581 815
953 328
132 619
495 465
30 78
219 403
173 315
146 714
54 451
186 699
116 696
691 922
548 749
111 391
95 770
407 390
786 636
271 247
902 959
502 947
817 853
469 42
860 813
222 274
8 100
445 17
928 53
765 1000
973 234
19 356
304 412
565 433
878 680
131 143
465 809
856 390
819 58
87 321
605 533
188 91
467 148
58 955
140 27
828 171
151 291
192 141
891 525
196 589
433 181
641 968
662 806
554 599
168 166
260 734
300 931
62 838
211 8
598 628
196 732
188 850
757 273
387 725
462 187
524 914
869 287
197 182
936 826
636 510
25 125
334 497
62 928
926 661
886 548
180 799
876 524
35 52
733 181
534 462
646 532
137 996
861 273
898 285
646 679
499 208
871 920
31 337
159 300
287 763
832 960
81 208
134 90
483 580
357 99
413 177
876 833
533 96
115 401
890 777
537 434
485 271
752 794
885 600
471 364
418 344
901 285
983 497
986 407
588 455
772 526
123 136
299 469
894 903
365 75
540 657
487 375
471 547
165 372
477 546
680 707
913 370
401 166
865 665
909 954
460 391
208 680
320 489
660 520
809 946
41 472
387 228
703 426
781 268
527 216
740 403
839 26
986 634
396 141
447 481
758 494
463 774
246 178
784 655
756 233
283 242
518 900
186 881
128 886
586 390
416 723
791 53
244 774
406 29
814 142
356 948
840 517
35 357
169 148
408 433
170 816
796 236
449 193
8 22
520 582
655 433
45 981
562 193
102 142
230 83
747 199
94 671
128 943
419 224
663 349
496 797
492 911
245 702
599 386
128 862
182 129
438 63
331 941
193 908
508 311
237 655
571 83
348 296
702 811
208 411
600 607
341 657
750 567
353 539
668 894
102 714
712 106
87 98
968 244
94 842
699 868
77 8
719 617
302 486
366 30
898 498
171 92
856 996
499 528
11 503
547 649
416 133
815 218
755 298
981 692
673 99
216 498
916 200
114 497
668 290
959 237
997 442
545 41
415 835
937 455
939 369
334 951
748 903
31 662
200 873
476 706
22 594
259 380
712 340
501 305
561 175
160 471
751 621
934 135
522 525
625 183
925 576
478 200
123 720
515 732
924 290
995 661
743 499
266 757
174 986
710 248
69 256
589 281
58 627
311 327
974 573
430 179
931 842
344 944
933 312
48 432
814 21
136 924
491 976
226 247
700 132
793 798
906 519
45 57
84 673
361 508
829 773
533 996
663 353
704 382
443 258
793 279
763 989
656 497
215 382
382 277
183 220
323 221
336 701
693 543
955 560
474 295
367 16
618 260
319 157
251 571
340 856
309 407
882 507
958 572
724 444
561 790
390 184
141 938
424 846
155 942
727 86
358 991
609 627
539 836
61 536
741 150
214 254
646 171
481 909
794 854
156 163
747 922
821 191
860 731
40 668
630 545
465 569
66 80
56 486
666 373
385 900
170 402
985 47
326 273
647 821
688 682
74 345
457 343
47 596
866 950
965 759
454 4
628 855
38 327
683 638
389 743
230 735
510 801
213 995
821 740
994 248
120 725
801 856
164 8
476 234
357 799
596 11
966 389
931 870
805 769
2 46
793 841
614 403
177 28
290 720
487 315
749 932
885 356
957 567
235 435
110 701
949 446
757 346
7 481
154 951
873 309
719 914
189 931
667 767
695 133
973 264
242 815
462 280
466 935
898 600
686 555
444 914
357 479
702 830
695 427
698 509
422 277
243 280
794 904
707 105
764 142
233 722
21 761
647 341
229 870
700 160
311 948
778 279
172 522
799 209
91 987
772 329
294 61
985 429
868 146
317 372
213 67
269 497
363 474
798 672
89 782
833 222
791 374
873 717
424 501
743 775
597 158
545 819
469 267
607 21
795 183
154 309
635 436
429 909
236 896
398 952
112 151
365 571
475 344
887 730
389 731
486 849
767 288
370 398
477 50
848 682
692 587
58 555
867 830
573 216
598 629
438 822
330 391
25 467
62 982
230 436
158 657
76 778
116 59
580 394
339 284
870 100
789 130
595 133
237 682
456 175
632 72
850 3
465 39
181 355
422 599
868 739
525 722
615 406
873 51
67 388
910 968
333 505
930 26
91 26
149 374
43 159
501 887
651 988
998 501
971 635
384 809
6 432
443 592
671 422
320 710
235 831
725 106
492 316
152 723
961 323
817 880
572 584
730 179
514 868
494 624
186 801
838 693
584 980
199 997
331 181
813 873
890 172
281 417
196 893
549 831
296 174
75 168
294 650
278 271
619 951
321 744
359 368
967 369
348 711
916 160
645 509
5 606
372 451
397 228
201 995
443 938
456 527
157 920
874 410
379 921
782 600
866 729
353 778
4 297
616 912
528 50
68 267
766 358
275 947
370 591
466 186
323 863
751 391
733 152
19 535
348 186
495 197
488 813
345 676
587 822
695 205
533 18
992 380
48 388
166 788
859 972
431 623
294 441
752 775
77 920
738 946
167 451
985 647
930 256
570 875
674 65
989 867
579 410
512 160
601 758
886 624
377 989
565 165
553 613
19 193
112 346
316 901
333 545
303 249
235 735
74 723
950 912
610 993
353 392
454 142
422 816
26 38
499 787
886 141
448 467
106 723
982 656
294 331
792 780
98 47
544 189
411 374
363 81
127 136
184 572
829 148
425 694
603 90
306 243
932 131
292 34
974 514
457 822
776 495
118 884
857 708
550 115
457 246
261 974
231 956
917 275
956 383
116 460
427 619
174 292
634 970
970 655
530 438
974 847
704 383
297 831
228 533
581 23
575 719
237 737
202 612
793 63
6 828
286 220
371 980
628 735
120 340
196 233
234 420
154 741
195 19
897 267
916 17
766 931
458 438
542 207
232 44
68 690
54 485
459 375
794 804
138 768
711 573
432 557
158 752
860 549
823 595
312 901
359 871
420 366
273 888
312 994
403 269
647 534
453 544
857 330
51 319
14 177
125 754
364 846
220 89
467 559
361 955
610 884
517 472
970 156
109 960
274 663
916 794
956 991
705 217
745 916
299 872
339 967
469 584
40 104
477 45
317 900
781 53
822 931
126 492
509 508
398 767
595 359
353 80
61 415
245 418
357 568
50 144
642 460
728 819
107 350
568 924
789 508
993 145
131 766
301 178
93 816
524 206
568 37
505 984
732 105
880 700
257 421
756 736
353 540
690 693
341 584
556 292
368 922
941 661
409 572
525 982
394 168
125 850
419 759
848 291
423 39
341 445
217 756
843 536
423 180
947 518
928 315
790 976
60 757
122 938
213 465
570 914
679 212
132 169
887 145
579 832
928 216
268 601
14 141
894 843
592 213
989 498
484 619
882 524
290 828
240 255
50 368
433 632
621 231
724 287
688 806
846 78
815 40
88 161
966 204
438 533
295 948
743 314
448 825
417 814
725 237
364 389
615 892
136 966
67 954
413 730
948 877
201 32
335 421
22 54
689 843
317 650
157 725
709 408
859 551
549 303
951 463
422 795
24 662
23 984
616 964
638 129
250 718
286 860
101 313
162 431
698 205
862 984
162 115
410 888
983 828
842 620
117 413
936 401
802 70
727 315
65 634
938 579
928 568
46 999
252 8
396 818
589 135
517 954
7 904
484 971
450 39
983 499
663 253
697 222
73 788
147 253
835 168
393 157
621 647
786 988
94 537
699 681
457 120
373 590
464 294
346 790
790 879
163 352
133 212
905 139
629 664
446 357
825 997
748 925
345 86
360 629
1 975
700 719
705 103
912 583
105 967
434 183
36 711
261 57
539 248
614 796
351 846
505 122
982 740
490 750
89 613
121 238
645 508
923 246
527 306
364 346
296 970
335 107
468 328
636 478
352 481
741 841
837 166
534 142
662 947
97 403
997 544
634 362
173 30
11 847
989 859
617 305
439 4
332 641
918 152
364 761
135 230
85 983
983 994
306 528
383 514
521 799
847 147
393 620
875 682
34 134
118 717
182 54
241 586
385 208
24 400
832 615
82 378
393 194
76 412
849 164
883 488
929 268
358 678
768 910
237 943
932 913
114 186
81 67
872 338
926 179
124 935
647 271
211 817
712 330
217 861
215 766
678 754
460 199
969 875
716 16
223 32
165 231
616 975
97 529
4 59
904 105
398 855
458 194
856 465
178 197
625 180
516 45
293 148
353 361
465 887
175 144
982 512
878 977
58 910
44 685
279 182
338 398
583 1
406 63
245 461
586 11
572 106
116 350
244 139
637 588
103 112
139 54
515 332
101 415
887 848
379 789
819 560
569 837
785 384
715 963
239 257
428 80
963 549
435 936
93 860
404 153
43 427
710 644
798 297
765 202
12 486
16 993
611 464
537 1
189 932
361 173
38 765
76 384
684 71
850 859
432 960
931 486
695 321
902 37
146 741
264 872
856 962
565 998
824 288
114 384
152 669
134 477
375 43
985 142
247 237
468 750
967 244
308 407
204 224
133 300
304 994
375 329
826 839
991 3
723 737
425 102
664 843
969 609
587 446
681 181
644 79
294 832
652 626
828 580
675 979
584 892
344 193
74 470
930 971
131 946
316 494
28 474
800 419
434 929
734 236
130 102
170 871
121 243
413 757
895 59
914 614
23 838
525 384
66 524
432 465
748 335
651 502
282 383
987 446
89 879
733 174
236 906
696 491
361 111
950 209
110 562
864 18
223 881
461 838
447 377
305 400
533 216
497 1000
849 339
99 908
780 903
232 220
840 106
806 643
590 26
862 29
178 8
138 195
251 694
911 460
541 60
751 13
829 851
189 756
11 416
432 635
219 261
958 824
685 544
88 584
712 386
695 587
40 747
517 871
94 787
123 94
708 432
489 920
678 826
19 139
958 26
834 28
542 341
928 217
503 363
877 90
126 280
312 878
646 439
423 618
71 52
865 739
592 357
717 723
593 589
27 35
179 156
40 182
995 862
959 763
139 570
141 104
714 186
148 708
956 83
466 291
800 463
953 979
652 697
340 350
975 166
213 712
430 233
822 575
272 135
244 195
175 543
306 410
571 362
845 583
461 894
175 652
845 984
917 443
357 914
992 483
868 542
53 130
599 670
871 917
610 361
317 356
181 353
497 916
155 842
941 359
300 369
817 345
731 191
876 956
185 215
96 502
410 832
491 880
253 288
629 645
815 708
671 416
988 548
590 272
960 889
868 82
225 944
502 752
603 135
950 616
865 956
459 143
367 526
133 66
961 321
742 718
526 939
885 663
910 266
695 732
703 241
807 791
773 899
665 778
61 913
653 621
873 687
226 63
910 36
126 873
237 304
826 895
131 351
174 855
623 652
23 458
706 328
890 29
363 119
92 559
273 131
2 323
578 33
663 154
848 761
776 358
157 997
729 266
162 925
877 386
249 493
687 129
410 95
139 439
835 914
286 554
73 191
388 448
295 808
541 860
266 574
598 663
893 541
400 808
538 924
810 879
135 848
654 532
642 36
680 143
137 948
135 225
67 695
84 767
638 162
915 645
101 348
676 810
951 157
922 502
82 379
466 986
656 694
140 543
389 991
537 213
205 127
668 889
191 583
884 111
928 726
751 212
848 349
419 475
690 860
494 214
332 213
974 348
906 132
472 794
103 838
830 319
544 644
584 645
271 187
276 611
372 916
356 305
88 687
808 410
839 324
570 587
312 951
994 687
421 1000
475 125
938 713
29 486
711 270
456 770
775 653
331 194
952 886
354 16
407 30
333 761
202 204
114 944
406 466
762 4
635 382
283 389
191 820
361 933
326 101
202 95
645 479
642 984
690 248
545 731
434 954
932 141
1 613
365 658
409 200
178 439
966 420
572 107
62 797
780 88
837 153
793 995
171 979
524 85
92 549
528 16
766 384
55 125
793 908
760 217
582 828
873 350
871 255
214 710
259 812
860 76
311 748
16 994
115 44
777 529
845 82
215 89
897 152
885 705
669 436
941 687
524 409
564 670
90 229
368 975
683 376
495 302
547 821
68 700
863 627
555 322
830 328
639 984
712 359
570 781
644 500
96 668
255 592
630 548
946 607
640 738
146 23
739 876
341 456
217 90
683 853
170 288
790 630
858 181
674 739
770 994
990 89
521 280
297 204
596 304
800 229
9 576
265 942
305 745
602 232
126 387
108 250
666 290
334 588
80 859
870 514
559 410
801 861
58 530
850 470
120 839
173 323
763 559
914 615
565 975
6 309
79 41
106 137
254 1
935 800
205 707
171 575
199 321
690 337
909 945
586 782
720 788
149 12
372 251
31 488
125 413
162 393
337 741
951 139
310 49
446 449
626 565
988 908
771 590
67 429
141 890
609 690
58 168
646 985
81 121
525 980
180 379
857 257
691 881
390 649
485 376
661 357
276 965
310 150
7 567
229 867
692 333
674 208
181 960
27 394
445 843
247 67
907 634
472 855
238 770
209 520
885 377
622 996
290 971
916 619
812 964
943 274
247 865
104 497
850 650
293 73
847 950
833 76
692 117
607 22
517 314
832 260
173 628
268 264
417 962
991 260
903 678
356 408
412 623
877 413
880 143
952 524
849 976
494 919
888 650
406 117
889 439
70 166
770 232
315 205
481 165
376 461
505 303
658 565
54 682
408 456
262 487
64 378
293 393
185 538
242 541
997 667
746 925
159 10
469 942
556 470
707 522
286 279
544 473
396 639
698 203
556 285
543 33
106 286
333 101
984 954
617 938
618 501
203 633
384 957
424 890
738 826
522 255
850 800
194 796
232 215
488 97
87 203
972 787
617 196
356 56
29 78
694 832
935 110
647 698
947 612
125 598
660 839
934 290
683 110
635 809
262 623
963 782
877 940
825 241
956 605
612 47
83 987
730 190
666 934
740 331
544 438
800 521
212 300
216 167
277 872
832 497
902 697
924 385
254 911
198 154
312 617
442 664
350 481
779 811
155 245
88 16
269 69
342 645
370 902
900 313
403 771
891 829
641 959
369 682
978 728
500 180
141 12
675 712
213 521
896 747
1 393
844 989
507 564
850 843
662 945
763 836
233 305
840 487
749 873
664 533
361 405
805 568
258 685
409 815
695 89
718 234
591 152
417 12
741 267
119 619
90 927
54 242
976 916
663 940
391 681
397 812
768 896
271 887
509 712
302 924
336 386
299 22
570 231
56 769
518 111
205 160
450 836
745 810
449 342
637 189
161 474
364 583
915 177
872 114
891 318
694 735
111 443
313 368
118 493
320 596
507 166
569 167
717 807
866 483
199 459
65 128
587 263
53 495
971 164
19 307
461 305
848 809
299 611
69 601
855 558
269 135
844 317
833 52
411 218
820 310
587 101
770 543
239 990
991 463
323 272
47 487
752 51
538 402
424 238
210 707
304 447
49 711
146 193
805 152
623 897
629 452
980 146
709 316
50 235
145 709
473 720
537 715
496 607
933 626
248 208
525 410
283 595
893 544
969 16
644 568
149 902
595 426
822 663
571 149
811 642
447 758
50 604
770 357
759 889
559 557
669 88
676 847
219 236
827 493
573 705
638 953
936 675
591 493
479 583
48 419
274 893
659 389
950 388
20 201
994 780
722 287
254 6
377 886
158 315
609 631
95 644
276 802
119 258
123 199
285 172
787 406
401 439
137 77
66 61
394 612
626 37
96 780
148 939
355 9
856 738
105 722
877 116
342 67
574 940
242 429
463 567
122 887
449 205
285 639
531 123
440 552
256 875
499 835
338 703
28 135
805 457
255 262
403 358
39 513
144 795
941 4
783 567
805 43
994 322
166 543
829 181
210 679
842 446
322 825
165 733
44 546
500 236
357 549
84 995
533 546
684 594
651 411
546 687
359 232
552 484
58 373
296 674
340 922
103 231
362 943
383 631
671 906
196 42
719 926
959 852
617 857
965 506
823 972
920 149
229 63
86 664
768 985
951 225
348 387
357 475
779 29
695 423
54 341
366 107
958 943
229 785
531 731
146 711
937 720
938 315
886 669
116 645
372 815
986 47
753 360
223 677
784 357
683 5
317 287
998 702
322 183
436 179
995 132
479 127
998 777
913 156
290 968
566 886
114 644
846 749
498 551
338 784
890 293
485 827
400 499
273 123
554 28
203 454
177 697
960 731
812 852
389 549
752 157
491 451
120 535
79 574
191 766
196 916
879 475
710 296
532 666
559 67
529 116
197 270
36 908
149 619
407 807
467 8
641 963
625 604
221 9
850 443
118 691
323 585
698 519
366 745
304 682
779 714
893 744
77 475
443 209
410 394
12 330
153 420
210 207
543 147
693 546
766 40
364 294
370 905
261 351
392 699
428 169
195 206
721 981
668 791
228 190
869 178
816 2
67 392
68 983
860 347
954 912
6 37
724 762
690 950
622 325
751 35
907 103
833 626
704 870
47 339
129 543
494 171
337 668
251 946
983 381
397 634
807 51
440 227
874 434
686 916
375 493
867 435
751 886
991 167
702 174
173 804
64 420
854 101
341 30
682 58
810 247
65 84
84 496
527 182
553 303
181 630
511 979
348 783
636 916
486 535
640 23
600 251
757 952
792 820
778 843
995 422
691 38
710 262
969 648
880 93
932 839
737 676
554 786
81 282
170 539
374 363
588 757
793 747
810 587
829 253
188 235
856 133
362 178
239 520
19 835
684 907
23 795
322 954
174 157
310 520
911 236
862 270
311 28
558 7
80 249
471 677
487 383
514 121
85 980
429 450
267 43
452 101
630 662
480 358
78 322
234 317
897 1
572 645
722 22
760 925
485 76
859 851
676 699
147 463
243 182
991 931
120 427
414 219
433 770
169 660
632 326
65 603
360 9
345 507
589 168
717 115
132 447
975 911
815 730
561 975
249 714
275 81
301 162
924 802
479 225
483 35
70 513
34 555
53 381
330 722
701 417
593 344
332 260
117 554
341 50
311 670
683 875
408 935
668 221
908 588
764 374
813 841
960 259
688 786
946 362
527 827
584 835
325 895
566 855
883 957
610 223
424 64
44 793
545 136
190 619
693 309
356 887
322 675
771 506
349 154
838 454
35 439
218 995
13 500
831 529
329 39
809 365
413 671
412 886
718 601
128 529
609 232
455 816
297 658
979 970
140 840
604 293
241 777
721 519
918 187
841 958
471 239
573 623
958 711
225 449
447 326
843 89
177 294
676 840
401 874
628 65
975 732
855 314
864 855
96 449
606 386
599 817
770 308
938 437
839 271
281 318
307 542
321 334
229 845
506 706
878 90
769 742
346 537
369 122
872 111
915 61
951 919
522 350
674 940
783 114
159 948
878 436
632 798
796 511
706 265
583 801
752 178
204 882
658 11
456 911
875 380
677 142
934 823
957 398
134 891
463 197
487 195
914 323
37 176
630 17
598 499
783 679
897 540
680 924
184 843
666 339
795 381
982 781
822 598
40 394
560 577
605 207
254 7
959 734
419 46
978 451
617 513
158 713
57 443
634 528
880 688
868 613
353 528
137 579
673 625
855 361
965 888
438 363
43 281
336 301
635 707
63 810
211 543
485 132
413 167
306 825
789 956
869 238
48 320
929 201
897 363
313 92
228 73
781 973
988 579
590 315
995 425
669 184
119 225
708 834
159 650
129 675
99 333
804 784
877 966
470 484
668 359
407 269
356 925
507 865
130 914
277 993
812 966
852 619
360 541
346 592
536 512
62 268
431 217
416 654
81 305
960 331
979 473
156 832
575 583
786 346
218 808
101 865
282 13
780 316
555 242
586 511
568 606
698 661
828 16
386 255
170 838
192 306
747 64
378 549
141 327
220 192
41 563
279 473
799 262
343 650
269 739
353 850
309 998
120 67
304 186
932 308
440 875
849 402
866 528
81 808
318 943
104 599
671 105
603 687
231 678
436 574
202 952
298 571
336 378
286 24
489 428
203 746
77 141
43 261
657 279
86 677
608 165
702 119
617 57
379 282
312 209
295 56
632 410
160 773
824 364
526 575
919 11
431 697
678 714
717 176
384 588
812 644
800 836
815 472
14 194
768 482
553 524
665 926
871 154
584 586
274 422
766 436
207 580
333 905
691 267
1000 126
587 490
627 989
574 244
558 729
746 922
133 498
891 848
520 48
649 876
335 337
265 923
503 543
199 774
919 9
546 899
364 931
653 409
641 957
644 800
823 450
787 728
19 834
567 985
55 229
685 366
334 420
559 309
124 968
231 996
234 24
362 85
571 139
366 629
284 842
794 486
723 52
498 284
653 353
233 192
270 895
11 33
299 623
327 779
793 443
846 477
557 86
48 42
216 956
529 701
768 787
626 635
73 585
905 26
7 202
500 520
357 385
530 885
732 371
682 584
404 342
525 794
109 369
555 347
276 776
302 776
214 212
108 559
114 408
380 315
181 774
644 418
539 668
208 547
425 364
759 505
63 294
691 585
469 123
161 314
548 946
611 318
174 544
531 30
553 761
593 744
961 76
692 212
431 32
146 208
667 286
316 224
902 667
389 636
929 543
965 766
182 793
643 281
516 41
277 763
773 646
924 649
905 534
16 379
886 416
391 404
206 429
278 14
649 618
762 229
214 904
629 115
895 999
314 278
770 65
383 716
19 975
22 498
831 888
577 585
198 903
177 123
230 724
98 991
401 984
236 817
884 69
667 745
582 388
231 750
474 289
646 865
629 951
119 472
543 507
746 245
953 309
861 69
997 4
485 240
55 546
191 34
599 929
157 78
272 940
955 609
354 540
644 442
967 978
659 357
843 704
809 560
386 65
329 965
543 575
431 369
52 122
489 928
775 371
332 474
742 661
726 14
673 498
684 995
990 659
666 877
706 122
155 480
904 473
89 100
971 66
19 337
57 518
304 885
691 323
250 17
35 743
793 679
775 713
113 354
523 894
947 26
363 163
934 820
38 377
499 611
49 656
212 68
683 464
697 944
330 139
166 541
633 818
926 887
691 142
359 4
341 785
461 628
945 303
729 496
178 342
783 727
537 677
495 949
278 901
878 104
524 997
83 47
49 451
362 26
884 955
137 864
837 11
175 756
785 608
219 812
127 751
126 136
421 788
206 218
941 93
253 69
423 783
805 766
295 416
816 137
870 476
356 370
319 191
586 638
885 97
679 309
245 771
907 256
512 464
772 898
133 840
716 743
938 313
811 61
958 828
66 492
216 513
507 157
626 244
937 615
630 660
702 289
796 318
377 626
179 292
17 705
811 475
513 495
821 782
19 252
539 501
42 167
136 32
66 801
269 380
421 1
633 515
670 588
910 255
696 327
715 101
188 483
377 430
140 382
371 183
79 366
496 300
962 878
118 919
65 281
662 846
519 851
901 241
502 481
486 986
13 426
144 39
914 567
341 57
740 869
637 927
358 224
875 22
487 452
219 618
914 582
898 67
844 779
258 418
222 627
499 266
127 909
174 246
875 935
968 259
197 191
934 91
163 99
456 503
76 768
828 375
580 496
466 208
28 847
585 30
514 2
22 277
154 917
357 138
151 840
146 869
456 213
521 887
81 184
745 209
750 546
811 626
167 782
261 453
266 45
565 663
622 472
200 297
825 466
837 335
389 417
651 978
102 688
677 862
536 50
419 662
849 299
110 387
875 465
716 267
422 442
481 862
977 817
336 199
484 839
711 512
802 316
476 983
833 402
181 278
959 246
301 935
545 6
552 662
756 986
83 988
209 617
692 66
307 228
345 89
39 741
423 522
484 564
964 894
640 604
260 813
353 471
812 826
265 521
430 333
303 961
195 840
587 122
256 964
829 27
634 179
502 291
801 568
89 382
677 69
382 981
455 667
982 616
201 997
790 287
95 449
723 872
745 736
357 746
321 748
771 190
847 459
779 667
525 115
819 682
197 2
288 467
224 160
576 437
227 823
286 456
141 507
201 336
944 312
31 28
612 965
645 972
409 812
194 554
581 974
729 891
508 334
418 34
291 304
351 984
992 387
21 391
171 294
101 169
85 820
211 617
512 378
792 30
508 189
163 970
150 708
427 961
564 646
894 377
293 1000
612 650
849 40
760 893
262 925
798 99
531 676
102 491
129 968
973 199
124 72
225 871
599 13
837 936
346 981
897 451
552 250
367 953
152 646
924 828
88 516
91 907
947 754
14 223
324 787
109 35
431 560
169 854
58 517
977 575
66 246
605 771
792 141
471 845
632 883
528 938
302 453
85 59
269 132
364 6
81 314
973 668
691 407
92 920
134 898
257 757
64 400
249 179
156 649
330 101
804 749
333 302
988 564
899 51
103 873
709 680
990 304
549 63
594 521
206 434
888 709
73 64
529 195
550 731
827 802
358 168
399 862
935 824
383 719
763 869
395 15
491 614
148 333
28 951
242 691
423 330
44 125
270 715
401 872
93 712
521 655
57 255
784 475
90 894
822 39
200 274
879 434
518 412
537 181
846 169
209 100
944 145
798 204
232 131
822 214
271 852
844 240
350 695
8 564
775 292
46 800
177 919
683 397
212 931
322 63
159 656
111 363
494 353
768 316
493 983
590 511
995 365
100 847
316 982
276 754
872 948
209 689
213 25
696 61
201 609
724 854
725 446
365 447
142 313
625 331
329 278
771 331
352 721
494 780
588 10
507 643
883 776
679 707
755 865
369 742
226 361
193 400
23 236
207 115
242 458
151 772
145 678
352 430
189 69
788 595
779 304
282 376
763 769
125 296
396 704
898 158
738 577
633 365
125 409
966 561
346 422
252 535
609 468
43 394
101 144
263 129
216 966
766 130
694 175
595 146
950 848
699 199
958 624
889 565
216 885
529 644
641 66
132 595
519 97
320 979
967 659
884 495
105 256
398 293
648 512
955 652
351 271
782 463
894 915
704 565
4 843
282 693
891 251
539 583
332 511
393 325
507 867
753 79
820 289
943 286
284 233
450 641
363 352
442 785
541 271
709 957
89 496
678 104
797 731
188 508
61 106
154 316
84 189
748 228
370 926
248 446
156 753
99 966
197 267
607 70
131 917
46 224
876 215
128 701
886 280
541 883
692 705
273 152
418 714
36 109
455 869
245 305
83 202
926 626
270 523
963 116
813 484
314 298
354 751
785 579
606 677
590 814
976 654
168 603
442 38
98 900
7 450
374 889
693 559
729 798
141 696
180 362
419 298
33 700
78 356
453 759
475 67
992 343
965 109
546 370
12 570
508 9
769 401
976 827
726 395
341 999
711 708
777 778
828 811
890 640
655 810
392 346
17 898
414 874
38 792
276 997
778 419
835 174
143 119
200 663
330 554
739 970
579 395
856 558
14 192
665 924
830 102
496 349
765 531
218 470
346 643
238 909
403 696
321 967
797 443
342 959
770 644
791 766
26 436
639 464
437 778
524 618
943 16
21 530
344 813
184 662
349 36
832 2
960 119
762 207
912 234
913 839
73 162
516 484
378 218
762 318
512 831
412 877
141 361
535 185
542 655
559 311
389 185
8 757
235 483
495 943
175 687
271 556
811 555
49 244
33 751
840 201
879 296
680 402
590 949
353 606
414 79
916 149
845 217
148 127
118 393
592 696
973 117
265 142
569 344
113 884
609 623
315 996
174 443
321 359
584 315
238 220
489 883
77 866
688 457
601 600
584 650
622 70
167 369
740 53
833 381
462 791
659 41
57 895
648 822
167 454
887 87
501 392
728 452
26 654
940 706
53 491
539 444
813 821
725 409
907 868
986 951
311 520
807 647
277 648
853 463
674 728
342 586
277 761
64 250
862 620
943 52
620 487
384 828
745 818
762 112
642 202
179 840
515 994
576 244
577 301
853 648
639 187
552 125
236 766
588 619
40 401
760 256
960 194
211 456
641 697
914 832
951 412
206 333
763 868
291 497
957 924
997 735
693 758
328 74
156 111
702 892
208 480
104 657
525 713
253 16
860 248
163 792
383 957
774 397
910 792
837 728
732 418
2 569
333 841
195 24
768 96
99 628
595 603
152 241
671 470
397 989
180 275
720 248
593 14
660 916
437 285
5 57
579 220
75 301
332 468
797 190
857 339
364 837
574 80
77 616
796 506
1000 516
85 109
160 412
108 322
908 627
981 35
507 932
201 753
308 691
307 412
421 508
813 938
796 152
211 536
782 991
658 153
454 124
274 654
539 166
26 287
700 349
302 192
715 345
883 779
330 137
731 971
481 35
482 988
581 777
131 969
52 505
16 7
605 637
951 371
520 951
907 503
541 931
745 584
374 624
395 221
344 515
510 144
554 666
689 177
676 905
714 324
944 134
534 59
866 11
646 545
774 490
387 926
997 755
245 638
746 53
746 382
603 580
654 832
931 221
786 701
537 936
573 624
813 161
135 437
140 589
2 618
186 511
998 482
816 26
693 492
821 295
380 953
163 901
647 431
190 430
101 113
907 258
52 395
569 295
551 851
642 557
368 992
812 381
501 780
856 821
621 523
255 53
574 643
960 787
133 967
553 900
235 31
886 512
672 650
34 767
256 557
389 783
935 434
199 104
365 128
293 483
35 820
914 113
683 948
499 803
688 373
230 913
50 363
692 142
42 756
734 257
411 766
294 870
559 222
537 508
726 869
875 349
303 924
715 500
148 851
790 390
387 401
170 547
249 106
467 159
951 689
221 404
495 757
645 660
27 839
447 886
504 152
782 725
790 224
149 728
23 243
762 283
876 359
714 390
206 284
22 457
137 817
887 865
233 344
548 1
328 164
42 894
349 274
187 123
836 772
818 315
340 587
253 246
552 339
901 832
81 813
478 825
266 201
140 738
713 160
567 5
660 409
73 705
382 341
111 889
922 412
524 376
379 561
968 114
508 155
845 820
309 990
250 441
416 404
169 763
739 670
354 736
119 416
926 94
432 910
627 501
76 341
67 545
940 302
598 783
637 148
911 351
125 992
588 504
510 154
90 504
990 591
863 711
151 587
744 85
423 923
557 725
744 996
904 116
479 492
62 348
504 760
798 592
964 888
455 375
720 810
633 541
891 853
665 223
343 366
847 518
212 15
48 940
253 741
969 652
400 241
607 134
495 664
550 553
367 649
247 535
934 973
156 581
72 920
880 831
722 674
735 755
991 517
297 553
317 566
266 568
33 787
819 684
415 89
845 660
154 213
672 922
470 699
73 387
954 380
438 133
847 235
64 714
211 269
374 811
908 497
552 335
989 262
228 968
444 669
585 393
326 729
76 516
435 1
955 267
876 783
163 972
938 883
208 291
7 199
599 809
717 414
609 765
275 650
261 328
118 243
919 791
223 506
704 838
229 853
603 72
915 180
590 374
189 70
152 648
82 953
599 252
88 518
52 97
721 278
373 555
525 514
194 398
808 686
293 298
773 80
920 572
406 539
62 233
374 143
191 463
468 832
144 534
346 612
916 552
354 187
711 149
40 854
166 266
14 366
397 94
264 301
563 211
47 482
325 780
697 921
334 634
448 201
636 666
272 39
473 682
531 369
443 974
316 432
980 159
455 927
538 177
421 539
300 860
762 339
374 533
396 335
969 691
320 111
681 687
153 70
651 451
590 756
335 795
875 766
970 518
189 918
336 694
813 188
318 618
486 300
260 902
771 600
99 921
107 140
103 557
750 728
508 195
238 300
845 252
651 911
410 787
863 1000
593 252
276 184
594 335
926 150
285 54
734 863
916 392
611 919
318 422
53 187
679 91
891 209
138 923
68 600
471 525
330 611
536 778
708 454
21 974
425 333
133 132
445 146
251 149
969 921
420 967
632 913
32 199
964 944
363 279
790 520
3 156
259 464
978 1000
705 32
274 924
766 923
530 77
373 151
705 209
873 809
193 485
925 940
237 215
753 749
311 269
6 337
62 705
412 944
418 565
952 741
737 849
224 268
900 581
18 294
672 740
802 687
837 859
684 591
847 397
758 888
256 982
49 61
344 516
554 667
280 812
188 909
7 331
409 968
993 404
395 45
970 683
936 983
976 676
314 87
337 350
836 176
799 76
19 912
620 543
125 407
941 992
805 763
486 498
920 363
479 640
499 254
932 118
335 620
29 721
280 656
570 503
418 104
737 398
760 985
834 544
103 593
470 828
915 929
510 557
849 229
464 133
63 167
923 910
48 324
157 190
713 630
107 803
471 322
663 832
78 416
725 939
655 976
83 232
521 276
545 21
189 638
480 878
462 946
551 176
384 382
39 412
745 490
161 374
676 115
754 143
185 451
994 766
591 768
425 169
464 705
946 637
587 373
623 403
769 992
166 112
77 523
406 707
578 16
482 445
815 365
524 98
217 184
18 955
626 292
478 49
763 133
999 448
398 790
737 546
576 992
460 635
641 804
255 438
40 189
848 532
558 931
602 559
753 649
224 441
60 23
45 709
968 433
322 790
75 626
594 542
442 339
336 818
814 235
652 194
487 449
128 558
366 754
380 714
291 59
310 501
367 268
940 852
832 885
897 911
756 220
510 349
371 118
244 488
444 762
357 183
513 351
167 698
243 48
667 722
671 73
10 243
985 871
869 189
228 918
945 869
877 610
720 419
594 388
812 467
150 686
1000 179
428 452
659 448
206 95
660 111
788 36
864 898
569 566
399 106
976 91
925 14
251 73
677 701
221 785
863 710
370 70
321 187
564 225
639 879
285 768
342 211
279 844
644 345
731 934
187 798
848 180
223 52
71 185
320 509
229 611
748 917
353 833
530 990
26 142
398 208
200 887
649 182
31 59
838 674
198 269
147 705
977 754
616 334
264 355
340 214
14 403
203 374
514 526
277 757
774 996
387 396
170 516
616 620
303 800
767 463
658 881
92 725
311 384
675 718
322 890
343 580
344 990
314 698
442 375
799 656
260 676
251 753
16 64
254 496
241 919
372 27
482 743
987 590
658 208
733 126
633 186
103 298
243 327
694 331
881 848
371 82
525 675
181 477
154 615
855 301
620 758
73 589
521 737
336 489
962 597
637 85
638 790
470 868
733 546
367 228
573 921
8 539
116 548
707 155
