987 1019
69 713
65 24
156 260
703 322
542 885
164 232
353 186
295 397
578 660
783 842
964 272
462 635
485 442
842 884
371 246
717 915
806 795
934 350
209 848
922 504
131 470
832 518
362 158
152 923
941 538
937 503
161 708
673 271
251 816
874 223
511 205
320 426
600 268
783 232
224 835
545 267
770 862
672 65
234 584
921 126
221 637
8 87
885 65
129 862
595 494
963 917
547 594
38 119
474 305
254 54
854 927
957 880
668 756
509 790
262 370
538 864
356 47
682 198
852 459
761 711
696 973
360 239
74 442
64 154
707 357
961 606
423 439
176 199
370 970
954 671
195 847
479 966
528 16
7 91
439 566
427 515
272 924
536 121
367 877
254 531
474 838
317 218
612 222
902 910
180 684
434 911
16 29
699 979
769 751
60 724
829 450
876 844
521 562
435 84
617 89
779 198
711 247
972 628
696 93
292 710
978 911
736 915
699 779
499 158
867 363
87 823
787 920
735 950
866 225
156 379
686 788
594 515
31 350
871 125
569 968
921 412
810 92
201 768
413 487
13 760
236 155
585 783
279 189
473 838
171 803
460 467
615 149
71 447
875 164
312 236
882 895
788 271
330 534
490 967
962 689
684 424
98 71
754 544
498 969
265 596
412 521
624 328
296 245
477 92
499 782
847 747
539 170
892 110
626 137
700 122
539 770
576 8
742 627
553 586
570 742
197 619
588 333
53 673
508 951
283 281
179 644
590 63
347 237
755 24
883 684
215 719
635 638
812 704
670 19
130 229
753 155
193 564
178 714
735 134
722 121
16 132
180 941
119 715
769 624
899 244
292 13
353 837
814 954
240 719
316 108
567 168
614 58
879 656
614 805
262 553
917 58
268 108
667 396
458 597
715 864
87 476
671 342
266 430
749 189
986 145
823 652
574 819
468 274
703 734
575 533
544 2
126 859
769 728
725 440
140 800
324 722
277 463
888 570
981 900
720 128
963 957
463 740
308 911
696 149
626 532
909 800
947 469
925 326
245 369
272 214
692 565
78 819
913 832
766 866
987 340
223 844
831 397
499 172
70 155
765 153
331 941
746 835
569 41
952 415
935 542
808 96
146 35
75 747
387 929
500 353
211 238
421 557
811 402
596 332
150 482
811 217
392 313
682 616
40 163
617 635
712 354
481 556
472 876
512 302
398 941
623 861
877 516
471 186
941 441
264 229
67 165
415 902
638 463
982 845
32 675
537 217
357 590
527 483
905 80
120 893
921 78
597 838
882 424
610 366
399 752
965 381
130 282
129 652
587 420
912 778
185 671
911 116
696 342
823 861
906 565
293 633
67 402
782 932
638 621
668 539
616 273
742 240
102 206
87 644
971 935
565 463
822 759
614 136
824 734
718 979
60 936
686 621
54 572
651 239
451 218
831 885
239 272
539 93
694 131
418 983
734 929
338 374
370 847
78 901
755 26
743 193
524 454
737 289
214 819
573 609
225 467
617 817
369 6
767 915
248 587
290 782
46 616
635 598
51 501
505 138
111 374
910 338
630 539
62 820
458 653
119 471
323 747
908 389
252 781
466 668
250 401
492 240
863 387
440 15
536 170
649 556
250 242
126 385
960 224
856 207
191 242
330 307
947 763
273 481
378 396
581 601
627 44
871 927
206 125
615 852
283 581
617 736
214 677
399 541
623 872
84 166
490 481
337 311
833 576
552 570
420 747
637 379
987 64
910 49
335 697
150 475
515 129
884 348
336 470
676 823
248 397
638 592
460 363
432 441
388 703
817 539
460 937
385 9
237 246
121 984
486 351
649 425
422 707
856 547
704 215
799 569
138 727
110 756
621 404
789 295
968 837
37 252
136 367
473 599
215 228
74 257
908 188
242 770
643 352
534 76
466 201
378 732
406 581
894 266
39 479
467 941
986 839
638 25
758 896
92 819
682 453
98 156
763 56
952 261
602 284
819 782
507 369
179 643
212 598
603 770
207 65
291 858
180 411
811 439
810 438
644 785
807 286
44 342
272 304
275 862
840 572
305 378
332 540
491 844
165 643
246 404
931 546
61 39
388 297
750 958
48 617
941 879
249 761
733 448
121 727
111 454
453 271
381 866
113 148
433 133
588 554
451 804
54 224
440 233
918 20
509 732
529 329
851 422
818 783
381 694
388 602
493 924
683 699
84 872
391 438
330 226
628 190
922 827
611 406
347 631
239 222
936 266
437 353
564 743
798 778
927 280
817 948
155 190
414 190
486 684
445 36
516 20
635 950
220 611
845 566
750 560
921 831
552 609
35 919
749 847
597 162
494 123
434 134
232 189
27 299
639 418
689 976
389 567
767 759
973 982
565 655
54 55
859 571
157 552
504 539
947 334
244 896
468 650
69 436
168 904
763 484
725 592
242 579
208 531
386 974
576 509
239 314
651 583
786 502
401 774
942 432
177 309
20 405
754 907
253 575
979 517
301 529
267 506
370 646
709 604
972 30
576 964
341 486
545 413
107 626
424 218
193 895
326 499
29 498
105 85
539 121
71 325
574 606
205 41
581 220
892 153
656 839
417 639
593 641
894 367
480 526
361 776
83 369
773 594
568 911
894 689
279 847
455 497
499 461
187 872
688 590
815 14
786 810
512 64
498 908
651 101
546 743
472 556
606 887
6 789
940 472
927 635
609 72
224 485
385 457
3 934
117 102
559 115
468 111
784 775
425 609
241 389
743 597
254 623
713 85
618 269
293 39
187 556
113 724
695 807
896 793
704 304
874 973
134 589
314 845
560 685
7 169
677 287
723 114
655 375
478 501
451 605
148 702
352 331
943 615
779 974
871 235
848 491
566 160
720 391
889 986
467 658
26 174
69 842
126 501
853 283
244 309
89 191
138 819
965 499
514 256
980 454
610 133
752 186
772 637
167 430
328 864
818 259
515 742
71 698
116 922
339 112
90 256
932 271
122 899
256 27
834 10
7 453
183 591
865 71
50 223
394 864
230 506
724 782
729 924
932 820
33 917
893 220
28 465
827 315
114 505
189 265
309 796
648 800
476 403
391 403
326 568
850 508
366 444
824 402
962 937
54 791
242 845
30 904
148 741
263 517
418 737
616 871
627 493
809 377
721 708
430 880
539 487
164 389
848 702
219 588
705 466
481 154
257 627
168 143
358 301
317 546
508 953
484 62
246 638
460 162
821 852
313 478
328 514
373 726
298 621
4 155
174 91
332 863
643 201
702 837
307 597
831 349
155 788
951 202
34 735
398 439
356 36
83 459
429 582
590 595
869 244
701 578
142 341
285 934
468 881
983 487
489 305
465 882
916 340
760 81
774 381
325 774
605 9
337 224
225 792
665 91
555 53
320 350
790 865
423 829
173 938
279 582
527 602
159 71
560 720
275 912
92 732
34 332
19 718
865 730
407 128
571 662
617 373
266 311
195 359
949 192
867 408
702 378
133 618
293 144
663 497
897 282
224 408
393 892
964 237
94 522
162 962
970 416
439 653
90 492
331 230
476 562
783 950
563 321
497 38
212 355
941 554
27 947
288 460
310 859
261 815
942 768
712 502
475 136
724 836
363 166
593 825
305 210
293 809
899 13
607 421
857 368
177 564
405 798
313 384
118 802
543 24
45 51
260 2
143 69
887 632
768 611
211 885
769 450
530 160
841 256
676 796
538 84
432 767
854 27
742 412
199 902
425 387
728 634
953 135
718 795
467 431
33 872
578 978
305 695
753 676
826 573
126 781
162 346
709 607
669 381
680 160
717 474
324 859
858 578
901 37
808 198
730 871
821 58
986 402
468 602
404 215
962 102
394 177
864 846
43 901
30 919
129 497
943 970
984 45
418 140
907 174
325 795
608 323
576 949
223 238
656 359
127 151
369 339
510 258
138 331
853 277
500 378
658 408
737 80
543 474
862 136
546 909
945 758
788 614
160 896
29 46
818 424
459 114
53 839
934 15
200 548
359 244
752 203
442 70
633 561
393 52
790 378
833 623
169 605
497 99
937 812
571 766
841 837
814 457
271 207
293 676
120 861
10 1
841 131
719 351
521 508
665 416
734 394
26 779
781 509
100 418
346 326
262 360
646 851
14 799
51 198
672 601
756 864
876 409
646 837
25 845
318 31
51 973
647 310
448 936
206 509
288 540
874 127
916 45
9 672
62 597
782 54
281 184
707 97
293 786
374 773
421 435
814 544
699 94
822 102
200 955
56 868
860 580
852 123
72 548
568 681
973 65
932 468
956 363
39 467
928 921
410 480
755 718
424 888
452 236
707 636
770 172
376 609
169 837
393 659
102 560
921 636
709 215
153 93
754 942
37 784
684 896
727 725
853 732
54 336
909 326
639 475
785 854
45 733
587 495
107 847
159 160
597 622
270 700
653 268
155 929
708 262
93 72
337 701
77 506
332 562
135 222
818 582
605 782
265 709
160 643
555 891
2 196
382 518
54 35
248 126
481 696
614 178
660 217
475 917
688 510
82 933
292 4
340 894
681 298
594 799
378 830
374 199
247 847
467 22
337 55
138 416
429 395
530 855
738 316
944 127
67 480
242 683
42 198
117 125
940 914
560 379
804 300
938 763
662 648
854 381
782 462
291 816
819 823
641 767
326 399
671 358
