801 1056
46 779
582 260
1 344
548 188
372 469
323 611
200 471
528 478
394 518
11 234
165 696
456 564
734 16
718 693
308 783
722 58
383 456
499 328
466 672
621 748
668 76
70 711
639 530
420 314
42 167
315 271
182 794
283 278
518 387
443 95
191 246
27 606
58 554
532 146
712 155
44 328
790 575
84 558
24 52
487 739
646 487
261 237
142 580
701 202
254 46
94 740
58 427
623 619
214 362
289 734
195 325
84 154
721 763
565 469
635 320
88 166
736 594
131 617
25 238
221 109
424 476
177 283
337 766
607 569
709 95
496 522
260 307
53 729
595 401
794 547
140 486
721 161
402 304
251 650
388 699
236 496
455 370
104 646
648 571
232 610
570 495
14 241
677 170
224 250
259 470
348 61
69 588
241 459
778 253
433 362
696 428
175 712
208 243
765 187
570 307
314 108
408 564
576 27
324 220
562 729
342 724
70 156
518 161
762 22
779 384
76 36
467 777
604 443
606 301
800 572
312 41
103 789
111 438
344 786
673 133
475 239
71 205
540 566
786 314
112 595
223 126
63 482
798 52
670 723
684 311
325 759
243 414
649 633
159 587
546 125
500 472
741 71
186 451
153 324
495 779
281 800
578 774
330 187
560 773
360 475
191 64
137 615
294 691
229 457
345 304
120 434
353 236
154 520
669 318
108 775
537 659
397 186
504 74
80 513
583 595
478 7
85 650
641 491
471 673
701 207
340 625
723 158
711 564
669 657
492 688
280 200
192 782
359 454
405 407
408 90
510 732
468 60
775 219
795 446
571 645
698 7
484 564
730 300
558 637
624 172
315 201
143 734
601 178
422 751
222 578
558 615
310 704
611 680
507 39
343 110
638 799
690 591
23 250
723 522
583 584
747 403
92 398
737 258
65 597
364 79
633 715
78 511
707 13
338 123
572 511
540 195
725 349
183 547
434 678
39 575
208 367
711 587
654 777
75 439
65 609
223 65
773 180
93 753
62 666
525 226
320 564
94 756
775 641
734 343
563 46
782 348
641 307
469 742
796 801
200 539
774 58
605 133
169 620
473 58
419 760
420 295
1 182
795 110
772 42
390 651
378 410
189 159
670 607
299 559
563 436
685 117
592 263
643 645
29 498
121 221
490 357
459 465
710 7
473 593
287 210
630 81
224 84
536 581
166 725
3 347
302 443
659 652
499 396
750 9
697 387
744 57
333 631
657 316
336 516
531 593
209 340
196 16
218 414
604 227
598 797
590 532
325 343
163 603
79 17
432 369
660 26
748 303
285 5
178 620
359 378
410 648
415 676
236 391
245 60
55 759
470 105
167 16
548 278
507 254
371 653
540 679
787 606
462 657
389 735
449 57
492 256
23 380
710 703
86 335
410 649
701 491
244 5
112 144
678 184
166 76
131 661
404 495
545 427
384 129
317 476
582 178
568 306
671 466
337 231
35 56
500 574
193 292
426 242
459 352
329 445
188 367
176 469
743 735
622 366
666 166
710 293
168 548
576 737
397 108
553 494
754 601
507 82
207 86
292 176
696 271
654 501
171 568
403 234
321 97
401 783
258 583
382 43
289 88
202 54
337 649
3 96
552 639
240 476
397 742
93 513
193 745
199 458
270 68
598 769
459 281
176 460
154 111
648 46
428 207
17 33
731 405
471 482
647 755
262 505
539 277
155 4
141 317
725 262
253 431
459 145
785 4
628 272
380 485
412 306
543 46
264 119
385 139
375 427
707 695
89 697
363 54
111 747
430 442
399 424
527 743
671 755
308 5
186 592
146 596
642 625
469 718
219 663
84 217
123 693
665 435
733 554
170 76
473 263
187 720
527 683
752 176
703 43
312 285
320 323
572 364
427 563
589 608
253 338
303 342
69 447
147 263
105 399
502 238
784 577
12 626
701 620
569 667
578 99
392 722
425 766
316 569
617 103
474 399
298 678
330 17
133 395
250 375
40 555
11 256
753 277
436 620
520 284
692 51
482 357
561 251
717 573
74 213
295 612
62 571
278 578
110 318
763 366
586 433
669 510
295 166
720 82
565 104
419 85
80 449
562 390
475 292
202 201
432 569
423 75
629 487
641 692
560 683
174 42
800 469
632 252
299 674
328 383
207 767
628 298
629 465
793 98
71 643
577 384
339 353
742 399
769 545
490 125
278 258
396 673
107 145
101 11
274 495
643 449
799 559
764 262
591 668
51 720
158 432
518 91
556 770
637 655
12 374
54 181
430 133
621 716
225 278
754 716
261 62
74 231
371 71
468 788
310 377
785 596
198 251
95 707
445 36
526 296
263 675
118 505
237 322
593 604
210 674
654 755
531 583
518 144
523 32
517 230
90 491
643 454
618 343
374 31
128 759
465 178
157 284
160 544
29 637
688 702
785 224
143 160
285 512
175 203
481 419
180 6
233 228
67 327
194 574
305 334
387 443
118 478
36 61
726 680
775 373
384 475
208 575
409 609
348 505
638 681
705 206
724 779
168 314
163 61
361 646
201 505
161 404
238 598
88 9
142 593
691 188
743 154
249 383
168 629
505 280
511 784
609 146
76 594
464 244
273 351
697 22
233 769
131 488
338 318
792 391
535 459
660 689
739 310
49 84
646 80
264 233
18 764
482 303
718 15
459 530
2 122
415 64
247 313
754 535
443 439
534 23
643 589
43 373
278 622
459 128
6 123
797 775
378 304
758 302
256 445
92 647
704 630
338 94
169 462
381 456
718 325
419 87
66 606
34 257
100 250
240 128
71 194
622 226
688 664
457 294
261 413
354 17
253 124
4 540
312 71
195 303
251 696
712 182
43 482
511 69
546 75
588 527
675 126
479 397
128 336
356 609
666 426
794 231
57 680
598 332
331 235
146 423
126 705
75 593
721 646
591 535
121 415
303 131
202 38
722 539
300 607
590 559
277 394
153 404
579 462
3 388
453 797
296 113
8 388
143 44
514 179
523 267
263 65
334 551
304 354
48 642
131 616
722 496
723 386
374 642
383 183
665 354
202 125
48 632
65 702
271 47
565 408
304 684
426 223
130 659
755 688
389 268
529 734
748 204
115 152
662 466
639 307
39 252
623 49
13 565
551 130
319 385
197 158
424 579
681 504
207 318
256 315
761 620
579 104
169 125
780 479
739 409
729 504
213 305
683 434
748 579
5 222
790 468
366 273
60 241
261 716
447 37
678 473
604 291
530 80
455 624
486 261
456 188
104 517
592 610
338 682
50 707
608 92
606 47
52 410
273 714
87 704
395 725
791 226
301 411
582 505
377 622
123 645
624 537
620 161
430 34
504 522
125 699
12 501
459 647
348 164
341 288
238 531
611 452
675 490
626 34
366 280
686 397
304 374
544 272
476 219
762 605
512 801
267 231
300 335
771 556
146 73
693 226
611 74
367 533
180 389
540 740
741 704
212 136
637 306
516 223
300 745
503 423
8 612
32 372
158 684
798 85
52 373
399 528
166 426
288 274
64 44
291 348
391 30
798 746
682 218
303 414
286 320
455 509
524 566
359 201
595 200
148 436
6 679
664 359
600 606
615 300
704 691
446 734
546 463
143 799
316 655
171 148
96 298
85 689
568 577
572 657
124 743
638 562
566 319
85 205
784 647
688 556
214 706
390 391
668 487
464 228
369 138
33 478
34 181
540 592
671 634
215 9
753 245
45 220
79 765
103 31
655 457
764 90
313 136
259 369
110 55
554 635
434 641
620 40
605 710
433 518
751 727
658 57
646 92
454 353
739 62
396 709
468 677
3 697
713 260
67 295
432 665
596 754
235 745
338 474
506 403
546 625
353 348
770 496
61 732
744 397
751 119
589 120
769 293
330 263
584 86
83 314
572 508
179 699
39 402
213 579
345 794
720 406
541 76
68 569
691 589
710 143
462 584
330 34
673 681
222 379
390 708
516 348
181 309
652 411
485 268
543 112
146 653
622 557
686 422
381 462
212 108
236 499
614 150
309 550
209 653
660 303
1 148
384 284
487 564
311 720
607 426
192 180
170 44
222 139
362 686
67 669
377 206
262 464
574 724
545 2
392 440
80 426
298 511
181 722
490 531
275 269
674 286
308 289
98 605
55 277
528 85
160 95
49 346
205 756
144 114
360 772
681 193
568 743
700 144
134 335
220 604
686 257
469 451
68 346
507 651
768 254
33 287
468 433
339 788
799 471
493 727
599 485
464 286
450 565
225 347
389 397
548 170
245 240
24 748
583 733
391 2
361 602
786 199
380 671
515 342
716 265
278 656
757 35
575 236
342 8
601 20
602 711
160 350
413 538
756 526
568 159
157 237
71 47
47 91
279 214
596 246
310 303
15 138
66 788
153 557
124 55
338 92
798 229
728 748
717 372
185 278
285 37
467 424
599 737
142 144
253 110
801 535
569 786
486 175
244 479
500 416
110 635
413 385
792 88
242 659
762 68
375 683
370 341
112 557
371 523
776 345
39 174
400 47
317 499
596 415
454 739
361 176
560 48
706 226
279 239
550 525
534 134
543 379
140 764
28 678
454 645
95 412
569 16
790 363
221 797
437 729
172 657
91 559
618 13
176 40
37 275
355 114
571 702
776 241
128 485
88 619
643 625
294 751
258 565
244 614
220 581
244 791
93 319
782 255
753 777
682 202
748 487
56 454
625 344
143 1
619 219
120 321
741 618
697 227
65 254
456 218
685 651
610 524
462 443
416 475
131 195
786 610
481 410
640 93
140 39
396 441
15 63
546 552
137 30
607 247
41 677
604 39
70 107
483 621
706 708
338 701
43 101
